"year","abundance","energy","site_name","scaled_energy"
1974,951,163685.666951579,"bbs_rtrg_1_11",828.535978587193
1975,623,111976.350695466,"bbs_rtrg_1_11",566.796330002038
1976,771,136097.839568973,"bbs_rtrg_1_11",688.893284249737
1977,773,123462.551988697,"bbs_rtrg_1_11",624.936613179986
1978,637,121096.029221461,"bbs_rtrg_1_11",612.957865783732
1979,892,141970.562737855,"bbs_rtrg_1_11",718.619542683473
1988,628,103376.741409441,"bbs_rtrg_1_11",523.267254866999
1991,775,174308.354683478,"bbs_rtrg_1_11",882.305371711748
1992,936,189851.372379374,"bbs_rtrg_1_11",960.980246651638
1993,843,220854.436917631,"bbs_rtrg_1_11",1117.91001878621
1994,811,172813.110921311,"bbs_rtrg_1_11",874.736821106277
1995,755,154784.082750691,"bbs_rtrg_1_11",783.478381827418
1996,731,137372.610165011,"bbs_rtrg_1_11",695.345854733961
1997,621,117407.318686492,"bbs_rtrg_1_11",594.286534018806
1998,633,108804.619545674,"bbs_rtrg_1_11",550.741818810252
1999,680,125233.16840167,"bbs_rtrg_1_11",633.899031391345
2000,707,145074.673643877,"bbs_rtrg_1_11",734.331777084085
2008,546,115406.252275327,"bbs_rtrg_1_11",584.157635453222
2009,436,104568.596929515,"bbs_rtrg_1_11",529.300129938161
2010,526,97853.403627491,"bbs_rtrg_1_11",495.309498030601
2012,493,107100.831226958,"bbs_rtrg_1_11",542.117667727007
2013,440,92745.1457522797,"bbs_rtrg_1_11",469.452772048808
2014,465,130516.032667296,"bbs_rtrg_1_11",660.639571327307
1970,386,76703.7019961748,"bbs_rtrg_1_14",451.013511590006
1971,379,74226.1660110456,"bbs_rtrg_1_14",436.445737471367
1972,467,101092.531719811,"bbs_rtrg_1_14",594.418477073631
1973,447,96313.5520755211,"bbs_rtrg_1_14",566.31834194201
1974,381,68054.5263987954,"bbs_rtrg_1_14",400.156839004279
1975,346,72006.9395404874,"bbs_rtrg_1_14",423.396808965284
1976,370,72268.2317290992,"bbs_rtrg_1_14",424.933192535698
1977,470,101867.197148665,"bbs_rtrg_1_14",598.973466810535
1978,628,112093.2890034,"bbs_rtrg_1_14",659.102319489327
1979,532,110867.661854869,"bbs_rtrg_1_14",651.895699863761
1980,826,157850.932168187,"bbs_rtrg_1_14",928.154722290723
1981,902,157605.374948402,"bbs_rtrg_1_14",926.710859463903
1982,806,122867.83474837,"bbs_rtrg_1_14",722.45605061
1984,893,130572.125518575,"bbs_rtrg_1_14",767.756852841865
1985,843,122514.250717078,"bbs_rtrg_1_14",720.376996125732
1986,865,132286.125692964,"bbs_rtrg_1_14",777.835078760552
1987,866,133431.513691687,"bbs_rtrg_1_14",784.569896637568
1988,1001,148124.007004915,"bbs_rtrg_1_14",870.960942059891
1989,855,140003.826923323,"bbs_rtrg_1_14",823.214733754003
1990,1228,192215.042483166,"bbs_rtrg_1_14",1130.21378414145
1991,963,130371.597770859,"bbs_rtrg_1_14",766.577760812216
1992,1152,205660.200242327,"bbs_rtrg_1_14",1209.27056571822
1993,1020,155446.016563433,"bbs_rtrg_1_14",914.013951979115
1994,1176,203395.550735917,"bbs_rtrg_1_14",1195.95455228177
1995,962,129562.87519621,"bbs_rtrg_1_14",761.822516947806
1996,959,162926.96054807,"bbs_rtrg_1_14",958.001487504947
1997,1073,181788.184314471,"bbs_rtrg_1_14",1068.90443667673
1998,902,137946.01597698,"bbs_rtrg_1_14",811.114919573653
1999,961,151747.820092879,"bbs_rtrg_1_14",892.268761938389
2000,958,152404.884551537,"bbs_rtrg_1_14",896.132264495998
2001,1017,163366.166365992,"bbs_rtrg_1_14",960.583993343604
2002,1040,176229.66209011,"bbs_rtrg_1_14",1036.22063442967
2003,984,168976.851800513,"bbs_rtrg_1_14",993.574512371962
2004,1032,173081.329749794,"bbs_rtrg_1_14",1017.70861496379
2005,902,151159.850552835,"bbs_rtrg_1_14",888.811533668278
2006,908,135918.762787416,"bbs_rtrg_1_14",799.19478330757
2007,1039,188075.202590584,"bbs_rtrg_1_14",1105.87175528518
2008,934,139279.846944884,"bbs_rtrg_1_14",818.957771653099
2009,1015,173677.511405824,"bbs_rtrg_1_14",1021.21413002022
2010,1060,176257.623469672,"bbs_rtrg_1_14",1036.38504578997
2011,1111,202874.922904575,"bbs_rtrg_1_14",1192.89328952216
2012,845,167521.421861437,"bbs_rtrg_1_14",985.016665089325
2013,911,178223.048948463,"bbs_rtrg_1_14",1047.94163854741
2015,926,195126.416029825,"bbs_rtrg_1_14",1147.33249904904
2016,1010,165139.849653397,"bbs_rtrg_1_14",971.013152655117
2017,941,169893.89816543,"bbs_rtrg_1_14",998.966694112456
2018,882,173360.09800409,"bbs_rtrg_1_14",1019.34775683071
1967,1756,352253.688072741,"bbs_rtrg_1_2",1754.0085940145
1969,1291,247235.508126009,"bbs_rtrg_1_2",1231.08208851176
1970,1162,223706.343714109,"bbs_rtrg_1_2",1113.92119570677
1971,1403,255328.253878569,"bbs_rtrg_1_2",1271.37902813169
1972,1309,260085.654566795,"bbs_rtrg_1_2",1295.0679829244
1973,855,175566.857821098,"bbs_rtrg_1_2",874.215907084375
1974,808,163514.169379194,"bbs_rtrg_1_2",814.200867288076
1975,916,185499.921921743,"bbs_rtrg_1_2",923.676510017311
1976,929,191063.283578694,"bbs_rtrg_1_2",951.378659031823
1977,1157,240204.864531883,"bbs_rtrg_1_2",1196.07377006656
1979,1183,229023.728895403,"bbs_rtrg_1_2",1140.39853184683
1980,985,195905.132511457,"bbs_rtrg_1_2",975.488114593389
1981,737,137240.953934324,"bbs_rtrg_1_2",683.376273414185
1982,1070,203839.306020435,"bbs_rtrg_1_2",1014.99546112336
1983,791,145330.510525922,"bbs_rtrg_1_2",723.657332956988
1984,1142,198408.007750553,"bbs_rtrg_1_2",987.950907256082
1985,1231,226709.044070217,"bbs_rtrg_1_2",1128.87281270383
1986,984,192746.538920704,"bbs_rtrg_1_2",959.760244337462
1987,1217,235261.549413283,"bbs_rtrg_1_2",1171.45907476447
1988,1199,218081.771333168,"bbs_rtrg_1_2",1085.91425460758
1989,2087,390717.898283801,"bbs_rtrg_1_2",1945.53690885289
1991,1670,319382.056165654,"bbs_rtrg_1_2",1590.32790927911
1992,1438,295520.811117079,"bbs_rtrg_1_2",1471.51345737636
1993,1636,304031.631699076,"bbs_rtrg_1_2",1513.89215474249
1994,1252,238714.198109196,"bbs_rtrg_1_2",1188.65116015576
1996,853,164853.934285057,"bbs_rtrg_1_2",820.872079651245
1997,1052,195023.401921885,"bbs_rtrg_1_2",971.097633857255
1998,1824,387410.334694498,"bbs_rtrg_1_2",1929.06725883268
1999,1716,360412.60404865,"bbs_rtrg_1_2",1794.63502100206
2000,1532,305037.427899799,"bbs_rtrg_1_2",1518.90040657811
2001,632,115590.576877843,"bbs_rtrg_1_2",575.570596123787
2002,784,149757.192584165,"bbs_rtrg_1_2",745.699510614827
2003,766,136269.965465731,"bbs_rtrg_1_2",678.54134286195
2004,862,173022.552100704,"bbs_rtrg_1_2",861.546815885391
2005,660,121506.093324425,"bbs_rtrg_1_2",605.026261278374
2006,732,152915.374534496,"bbs_rtrg_1_2",761.42533115243
2007,680,132981.761649512,"bbs_rtrg_1_2",662.168092707848
2008,725,152150.914288786,"bbs_rtrg_1_2",757.618785227834
2009,672,144455.493870539,"bbs_rtrg_1_2",719.300283519561
2010,709,151861.630052268,"bbs_rtrg_1_2",756.178326109461
2011,704,161002.219322329,"bbs_rtrg_1_2",801.692887565895
2012,650,140718.339923499,"bbs_rtrg_1_2",700.691535443346
2013,723,159609.796537538,"bbs_rtrg_1_2",794.759471071701
2014,723,192272.362818604,"bbs_rtrg_1_2",957.399136458901
2015,732,195075.011442423,"bbs_rtrg_1_2",971.354617802693
2016,687,158693.488442602,"bbs_rtrg_1_2",790.196815441108
2017,663,160327.714003915,"bbs_rtrg_1_2",798.334262332819
2018,593,181372.472349086,"bbs_rtrg_1_2",903.124327692663
1982,103,12268.946231231,"bbs_rtrg_1_3",104.920695835737
1991,385,48651.6618170243,"bbs_rtrg_1_3",416.055797719068
1992,330,41829.5461498261,"bbs_rtrg_1_3",357.714917468711
1994,383,45184.3762988032,"bbs_rtrg_1_3",386.404513706844
1996,298,33416.1654537,"bbs_rtrg_1_3",285.765970889951
1997,270,30051.3751339482,"bbs_rtrg_1_3",256.991197976606
2001,322,32059.5434626889,"bbs_rtrg_1_3",274.164508091083
2002,397,44283.9932845921,"bbs_rtrg_1_3",378.704682719793
2007,498,64054.135120734,"bbs_rtrg_1_3",547.773565990227
2008,611,67876.0303620606,"bbs_rtrg_1_3",580.457376039906
2010,427,56208.4252292824,"bbs_rtrg_1_3",480.679185949584
2011,517,56280.8870867308,"bbs_rtrg_1_3",481.298860073322
2012,560,64322.5208134863,"bbs_rtrg_1_3",550.068727539167
1972,727,142382.223916391,"bbs_rtrg_1_4",659.767044060501
1974,598,133722.147030507,"bbs_rtrg_1_4",619.638205142435
1975,677,149624.164189752,"bbs_rtrg_1_4",693.324558446732
1976,829,177016.277835159,"bbs_rtrg_1_4",820.253421849034
1978,812,181000.657001626,"bbs_rtrg_1_4",838.716134347609
1979,1110,271055.643668579,"bbs_rtrg_1_4",1256.01058812052
1981,669,129621.47792373,"bbs_rtrg_1_4",600.636631344591
1990,784,168248.991575979,"bbs_rtrg_1_4",779.627798926833
1991,859,186083.012505034,"bbs_rtrg_1_4",862.266621024353
1992,932,169265.453928222,"bbs_rtrg_1_4",784.337855723896
1993,520,96001.5356017285,"bbs_rtrg_1_4",444.849417483565
1994,579,118275.729649293,"bbs_rtrg_1_4",548.062998233796
2005,537,126617.325659739,"bbs_rtrg_1_4",586.716068758879
2006,477,122078.196737992,"bbs_rtrg_1_4",565.682771280191
2007,403,93454.809218374,"bbs_rtrg_1_4",433.04846304024
2015,689,147351.024056694,"bbs_rtrg_1_4",682.791340850665
2016,418,95876.5109198592,"bbs_rtrg_1_4",444.270081366158
1967,351,68327.9287171559,"bbs_rtrg_1_45",324.314493791262
1969,468,109718.79438813,"bbs_rtrg_1_45",520.773802593546
1970,491,92717.1095535583,"bbs_rtrg_1_45",440.076305768381
1971,547,100972.370551463,"bbs_rtrg_1_45",479.259416421901
1972,572,123954.871842162,"bbs_rtrg_1_45",588.344506693031
1973,548,122200.469877172,"bbs_rtrg_1_45",580.017340981078
1974,464,105629.733900854,"bbs_rtrg_1_45",501.365317558055
1975,549,100769.513140225,"bbs_rtrg_1_45",478.296565653956
1976,526,105948.801704647,"bbs_rtrg_1_45",502.879754117384
1977,622,141415.50681904,"bbs_rtrg_1_45",671.220383367722
1978,754,137539.370882862,"bbs_rtrg_1_45",652.822532187254
1979,741,186371.014746767,"bbs_rtrg_1_45",884.599056926859
1980,759,150020.666656413,"bbs_rtrg_1_45",712.064268277553
1981,575,107264.325239238,"bbs_rtrg_1_45",509.123809179515
1982,710,178120.002239193,"bbs_rtrg_1_45",845.436111482745
1983,750,156929.894023285,"bbs_rtrg_1_45",744.858509491149
1985,462,97254.8270051432,"bbs_rtrg_1_45",461.614314689601
1986,631,142033.23265288,"bbs_rtrg_1_45",674.152382696035
1987,701,130028.560688656,"bbs_rtrg_1_45",617.172913476005
1988,607,147814.144323106,"bbs_rtrg_1_45",701.591139836502
1989,423,97182.8117687115,"bbs_rtrg_1_45",461.272498606674
1990,360,96934.3581263118,"bbs_rtrg_1_45",460.093228010033
1992,585,128748.84011054,"bbs_rtrg_1_45",611.098795040424
1993,623,146525.612952452,"bbs_rtrg_1_45",695.475201492497
1994,752,164217.060487269,"bbs_rtrg_1_45",779.446616394293
1995,819,155421.336873144,"bbs_rtrg_1_45",737.698231729348
1996,733,153543.781030939,"bbs_rtrg_1_45",728.786523384577
1997,911,188660.356052689,"bbs_rtrg_1_45",895.465280749019
1998,863,155933.228187397,"bbs_rtrg_1_45",740.127893736893
1999,887,184988.562961789,"bbs_rtrg_1_45",878.03733086178
2000,904,205003.467763925,"bbs_rtrg_1_45",973.036898989407
2001,852,153701.605187632,"bbs_rtrg_1_45",729.53562645922
2003,901,185142.969052076,"bbs_rtrg_1_45",878.770210285316
2005,862,242984.158585974,"bbs_rtrg_1_45",1153.31001349848
2006,833,161356.572567536,"bbs_rtrg_1_45",765.869478771343
2007,897,198485.268278039,"bbs_rtrg_1_45",942.09864860798
2008,796,178893.46424231,"bbs_rtrg_1_45",849.107303376269
2009,860,161865.116051268,"bbs_rtrg_1_45",768.283250498275
2010,833,157403.896517677,"bbs_rtrg_1_45",747.108334444292
2012,820,139739.021609702,"bbs_rtrg_1_45",663.263044952477
2013,763,194834.156237422,"bbs_rtrg_1_45",924.768860109206
2014,792,141913.188846515,"bbs_rtrg_1_45",673.58260183153
2015,938,196475.870836473,"bbs_rtrg_1_45",932.56116186834
2016,779,126005.04403555,"bbs_rtrg_1_45",598.075528393336
2017,898,193978.744593433,"bbs_rtrg_1_45",920.708699066537
2018,767,185704.569475051,"bbs_rtrg_1_45",881.435813652926
1966,423,46104.7566466484,"bbs_rtrg_1_56",398.836206879331
1967,566,86287.1445617907,"bbs_rtrg_1_56",746.440062643188
1969,419,47300.3504577002,"bbs_rtrg_1_56",409.178872913184
1970,560,53024.217359862,"bbs_rtrg_1_56",458.694053774817
1971,889,103506.625290417,"bbs_rtrg_1_56",895.399798639028
1972,1011,113230.206617594,"bbs_rtrg_1_56",979.515117228305
1973,927,98293.52384856,"bbs_rtrg_1_56",850.303072045662
1975,1054,129702.347306065,"bbs_rtrg_1_56",1122.00987458541
1976,891,95792.9206158452,"bbs_rtrg_1_56",828.671223603432
1980,881,100640.096433145,"bbs_rtrg_1_56",870.602454948294
1981,894,107476.467231569,"bbs_rtrg_1_56",929.741519903367
1984,837,98976.4331686297,"bbs_rtrg_1_56",856.210682944611
1985,851,93503.1501824042,"bbs_rtrg_1_56",808.863216345152
1988,717,79983.5730162429,"bbs_rtrg_1_56",691.910058628915
1991,555,65108.3375038465,"bbs_rtrg_1_56",563.229572281913
2003,518,67439.3340892337,"bbs_rtrg_1_56",583.394212635395
1981,279,55918.5351994555,"bbs_rtrg_1_57",323.64419379505
1983,341,51978.7480900837,"bbs_rtrg_1_57",300.841571763041
2001,262,47469.2955556832,"bbs_rtrg_1_57",274.741851433327
2004,278,50296.139620607,"bbs_rtrg_1_57",291.103003690146
2005,342,58328.0377782404,"bbs_rtrg_1_57",337.589865239705
2007,337,56576.9096889221,"bbs_rtrg_1_57",327.454720664158
2011,357,65987.8616122096,"bbs_rtrg_1_57",381.923242366172
2012,442,73445.9507020422,"bbs_rtrg_1_57",425.089023124213
2017,360,58026.7306200429,"bbs_rtrg_1_57",335.84596561945
2018,440,75981.9037858392,"bbs_rtrg_1_57",439.766562304738
1966,468,76963.921256117,"bbs_rtrg_1_65",379.416096842087
1967,532,76038.3218925524,"bbs_rtrg_1_65",374.853084822539
1968,585,95595.7610653679,"bbs_rtrg_1_65",471.267185274658
1969,845,146814.181392953,"bbs_rtrg_1_65",723.763326452824
1970,745,126675.827925816,"bbs_rtrg_1_65",624.485439559553
1971,829,165459.860772551,"bbs_rtrg_1_65",815.682641083815
1972,818,156964.496450755,"bbs_rtrg_1_65",773.802264933269
1977,445,93757.6598337317,"bbs_rtrg_1_65",462.205729159562
1978,419,86396.3207471177,"bbs_rtrg_1_65",425.915861151411
1982,803,115950.78457431,"bbs_rtrg_1_65",571.613210332184
1997,689,154330.532270536,"bbs_rtrg_1_65",760.817370294717
1999,758,161061.914726133,"bbs_rtrg_1_65",794.001683359471
2003,559,123721.624468461,"bbs_rtrg_1_65",609.921832004567
2004,534,130952.872358582,"bbs_rtrg_1_65",645.570377517691
2005,574,138101.490572155,"bbs_rtrg_1_65",680.81157594081
2006,503,114549.073485722,"bbs_rtrg_1_65",564.703066703166
2008,488,105969.553073194,"bbs_rtrg_1_65",522.407818558699
2010,478,131853.970541672,"bbs_rtrg_1_65",650.012603822167
2011,415,112492.865559057,"bbs_rtrg_1_65",554.56639002274
2012,377,108274.657821446,"bbs_rtrg_1_65",533.771504713456
2016,526,108833.655806476,"bbs_rtrg_1_65",536.52724831593
2017,454,78869.1481096361,"bbs_rtrg_1_65",388.808468287864
2018,631,123752.739138806,"bbs_rtrg_1_65",610.075220846821
1970,2051,391382.554277636,"bbs_rtrg_1_68",1922.50171784021
1971,2095,433851.627858976,"bbs_rtrg_1_68",2131.11312890808
1972,1563,311245.397604071,"bbs_rtrg_1_68",1528.86173648715
1973,1660,337885.917727267,"bbs_rtrg_1_68",1659.72205496898
1974,838,179454.780530784,"bbs_rtrg_1_68",881.495917675305
1975,712,154938.891799834,"bbs_rtrg_1_68",761.071954766125
1976,774,169885.025752925,"bbs_rtrg_1_68",834.488533726628
1977,813,172428.418986104,"bbs_rtrg_1_68",846.981880214575
1978,629,143343.915659225,"bbs_rtrg_1_68",704.116525084847
1979,961,181641.826994571,"bbs_rtrg_1_68",892.23886096103
1980,1149,226171.113188701,"bbs_rtrg_1_68",1110.97019751847
1981,1184,228644.949588909,"bbs_rtrg_1_68",1123.12187540262
1984,942,186084.904897855,"bbs_rtrg_1_68",914.063607128691
1986,698,171849.88232261,"bbs_rtrg_1_68",844.140062874368
1987,640,135029.647281545,"bbs_rtrg_1_68",663.276188529288
1988,586,160415.163240204,"bbs_rtrg_1_68",787.971828397183
1989,631,133166.353934117,"bbs_rtrg_1_68",654.12354587284
1990,510,124385.312322517,"bbs_rtrg_1_68",610.990382684497
1991,837,169769.392055385,"bbs_rtrg_1_68",833.920531960241
1992,1629,318019.622615159,"bbs_rtrg_1_68",1562.13725957451
1994,1628,350556.69891026,"bbs_rtrg_1_68",1721.96192316045
1995,1693,353474.106360221,"bbs_rtrg_1_68",1736.29245673403
1996,1813,351136.251778196,"bbs_rtrg_1_68",1724.80873217636
1998,1568,296195.154603848,"bbs_rtrg_1_68",1454.93376574445
1999,1604,299042.667976994,"bbs_rtrg_1_68",1468.92097414609
2006,1228,236106.202640417,"bbs_rtrg_1_68",1159.77213395908
2015,743,155786.176880707,"bbs_rtrg_1_68",765.233885352131
2016,534,97117.4686657075,"bbs_rtrg_1_68",477.048601940671
2017,736,133869.20035756,"bbs_rtrg_1_68",657.575982476564
2018,763,158414.365566317,"bbs_rtrg_1_68",778.143753734538
1967,760,129081.797397504,"bbs_rtrg_1_7",691.341680822026
1968,656,115722.726954762,"bbs_rtrg_1_7",619.79261348402
1969,682,133691.723346893,"bbs_rtrg_1_7",716.03171472744
1970,605,112587.29948943,"bbs_rtrg_1_7",602.999760133034
1971,689,131542.63278793,"bbs_rtrg_1_7",704.521525767974
1972,674,136408.014939202,"bbs_rtrg_1_7",730.579742667016
1973,591,123271.976822155,"bbs_rtrg_1_7",660.225201172562
1974,602,125418.057341509,"bbs_rtrg_1_7",671.71926883619
1975,555,107044.362966783,"bbs_rtrg_1_7",573.312669237823
1976,645,125414.44404364,"bbs_rtrg_1_7",671.699916584574
1977,552,104759.840200461,"bbs_rtrg_1_7",561.077126806681
1978,576,120729.865494299,"bbs_rtrg_1_7",646.610055166925
1979,606,127558.373567919,"bbs_rtrg_1_7",683.182463858955
1980,507,99498.9562990916,"bbs_rtrg_1_7",532.900665118733
1981,527,110665.226197925,"bbs_rtrg_1_7",592.705439734626
1982,521,108468.885543596,"bbs_rtrg_1_7",580.942186741285
1983,488,102103.864894938,"bbs_rtrg_1_7",546.85214335462
1984,418,72695.7749546815,"bbs_rtrg_1_7",389.3470672016
1987,812,172250.52784605,"bbs_rtrg_1_7",922.546570039256
1989,649,115350.983448384,"bbs_rtrg_1_7",617.801614088944
1990,552,109879.512605492,"bbs_rtrg_1_7",588.497282065699
1991,687,123683.442317828,"bbs_rtrg_1_7",662.428945256652
1992,714,125971.094207929,"bbs_rtrg_1_7",674.681246779599
1993,694,123190.536364335,"bbs_rtrg_1_7",659.789018967698
1994,622,107247.267673636,"bbs_rtrg_1_7",574.399394739872
1995,636,103693.284752917,"bbs_rtrg_1_7",555.364824602487
1996,584,91651.7011059896,"bbs_rtrg_1_7",490.872008062371
1997,585,103818.959082454,"bbs_rtrg_1_7",556.037916424653
1998,584,105783.108446456,"bbs_rtrg_1_7",566.557589609192
1999,664,105994.031633472,"bbs_rtrg_1_7",567.687260822139
2000,568,97585.6888716384,"bbs_rtrg_1_7",522.653507534738
2001,660,115662.949793835,"bbs_rtrg_1_7",619.472456469297
2002,566,102179.530613874,"bbs_rtrg_1_7",547.257396971819
2003,495,87314.8169500045,"bbs_rtrg_1_7",467.644342796012
2004,479,82589.8608019344,"bbs_rtrg_1_7",442.338225348965
2005,484,80680.2472477205,"bbs_rtrg_1_7",432.110637331847
2006,476,83508.6345314675,"bbs_rtrg_1_7",447.259032056626
2007,471,79238.0785639052,"bbs_rtrg_1_7",424.386610071618
2008,579,121054.552315706,"bbs_rtrg_1_7",648.349026403598
2009,532,97709.0477929324,"bbs_rtrg_1_7",523.314198396744
2014,723,146141.295611646,"bbs_rtrg_1_7",782.709653744083
1966,1343,312824.008296234,"bbs_rtrg_1_75",1345.46313057837
1967,1112,221106.81970843,"bbs_rtrg_1_75",950.985429338968
1968,1060,231523.349238177,"bbs_rtrg_1_75",995.78715829573
1969,873,192342.319516242,"bbs_rtrg_1_75",827.268663835939
1970,854,189675.772321323,"bbs_rtrg_1_75",815.799784077474
1971,961,215227.525089027,"bbs_rtrg_1_75",925.69845028868
1972,1183,267740.242712337,"bbs_rtrg_1_75",1151.55683575419
1973,1521,310971.907047432,"bbs_rtrg_1_75",1337.49720124343
1974,1498,345344.992068454,"bbs_rtrg_1_75",1485.33661686854
1975,845,229428.415840795,"bbs_rtrg_1_75",986.776802400904
1977,506,90772.7631289939,"bbs_rtrg_1_75",390.415705993801
1978,566,129636.678648988,"bbs_rtrg_1_75",557.570285103173
1979,561,117480.599631281,"bbs_rtrg_1_75",505.286714478912
1980,494,114125.575962916,"bbs_rtrg_1_75",490.856681846221
1981,643,140729.534212296,"bbs_rtrg_1_75",605.28090761757
1982,525,126991.738832233,"bbs_rtrg_1_75",546.194339166596
1983,580,121874.47918063,"bbs_rtrg_1_75",524.18488973742
1984,536,120885.357412132,"bbs_rtrg_1_75",519.930654653563
1985,491,108961.957477354,"bbs_rtrg_1_75",468.64784202432
1986,575,145671.510127068,"bbs_rtrg_1_75",626.536457732623
1987,561,146209.507934323,"bbs_rtrg_1_75",628.850398462223
1988,508,120564.239550581,"bbs_rtrg_1_75",518.549519472663
1989,397,99414.1085421175,"bbs_rtrg_1_75",427.582327939711
1990,667,121234.636366995,"bbs_rtrg_1_75",521.432911333332
1991,888,167091.668055499,"bbs_rtrg_1_75",718.665041151894
1992,982,179800.816875235,"bbs_rtrg_1_75",773.327377495962
1993,849,169041.109314637,"bbs_rtrg_1_75",727.049632071508
1999,643,135652.764928707,"bbs_rtrg_1_75",583.445608176445
2001,784,178600.415569113,"bbs_rtrg_1_75",768.164424345142
2002,1057,266854.938087937,"bbs_rtrg_1_75",1147.74912055372
2003,898,228934.991029527,"bbs_rtrg_1_75",984.654571134547
2004,1021,231577.850692561,"bbs_rtrg_1_75",996.021570282955
2005,778,215162.291474729,"bbs_rtrg_1_75",925.417879039079
2006,1230,327309.111780381,"bbs_rtrg_1_75",1407.76388807674
2007,1226,334040.489585049,"bbs_rtrg_1_75",1436.71569616686
2011,449,99806.4088502761,"bbs_rtrg_1_75",429.269620432434
2012,472,120940.540987249,"bbs_rtrg_1_75",520.168000457476
2014,459,118102.521690099,"bbs_rtrg_1_75",507.96161531146
2015,467,143362.353508918,"bbs_rtrg_1_75",616.604722923096
2016,803,271919.408933835,"bbs_rtrg_1_75",1169.53152413635
1967,1423,290089.743044225,"bbs_rtrg_1_76",1259.129577589
1968,1332,262970.196657076,"bbs_rtrg_1_76",1141.41764945077
1969,1114,246443.617448295,"bbs_rtrg_1_76",1069.68431451873
1970,1453,270008.209624487,"bbs_rtrg_1_76",1171.96602459057
1971,1465,324000.070519675,"bbs_rtrg_1_76",1406.3167751162
1972,1257,251723.54969768,"bbs_rtrg_1_76",1092.60177031396
1973,1168,264484.939065381,"bbs_rtrg_1_76",1147.992363016
1974,1250,257042.95461233,"bbs_rtrg_1_76",1115.69055653894
1977,1901,382836.814539459,"bbs_rtrg_1_76",1661.6966581376
1978,1907,469561.338086344,"bbs_rtrg_1_76",2038.12297212675
1979,1261,230798.95852635,"bbs_rtrg_1_76",1001.77893953651
1980,1774,351509.452446493,"bbs_rtrg_1_76",1525.72077775951
1981,1880,448014.328317433,"bbs_rtrg_1_76",1944.59854405175
1983,2014,482622.720323094,"bbs_rtrg_1_76",2094.81567875575
1984,1520,387763.865123968,"bbs_rtrg_1_76",1683.08243709045
1985,1567,375458.927323872,"bbs_rtrg_1_76",1629.67306462556
1986,1610,346733.93623262,"bbs_rtrg_1_76",1504.99273115558
1988,675,130066.169709054,"bbs_rtrg_1_76",564.549989274913
1989,827,166692.980567775,"bbs_rtrg_1_76",723.528036554383
1990,949,189502.751668804,"bbs_rtrg_1_76",822.533458634961
1991,981,214615.559432413,"bbs_rtrg_1_76",931.535172034547
1992,1117,246552.505900088,"bbs_rtrg_1_76",1070.15694298491
1993,1129,246960.706733763,"bbs_rtrg_1_76",1071.92873173512
1994,1177,266437.07842929,"bbs_rtrg_1_76",1156.46559060026
1995,992,218660.304868717,"bbs_rtrg_1_76",949.091320553362
1996,1052,240590.623855523,"bbs_rtrg_1_76",1044.2794957452
1997,1063,232246.745045482,"bbs_rtrg_1_76",1008.06303220778
1998,1006,225065.091670862,"bbs_rtrg_1_76",976.891188332561
1999,912,197615.957523876,"bbs_rtrg_1_76",857.748690149132
2000,950,236949.446971692,"bbs_rtrg_1_76",1028.47502963911
2001,989,219230.11689012,"bbs_rtrg_1_76",951.564579905053
2002,973,244803.630428779,"bbs_rtrg_1_76",1062.56597885658
2003,862,220466.796440568,"bbs_rtrg_1_76",956.932366382533
2004,900,212909.597250598,"bbs_rtrg_1_76",924.1304723067
2005,908,226535.731681058,"bbs_rtrg_1_76",983.274476191663
2006,762,169650.165891907,"bbs_rtrg_1_76",736.363648971944
2007,806,175522.376970736,"bbs_rtrg_1_76",761.851880915645
2008,694,149766.654974443,"bbs_rtrg_1_76",650.059609264219
2009,907,241309.435854471,"bbs_rtrg_1_76",1047.39948695586
2010,782,242197.953239294,"bbs_rtrg_1_76",1051.25608149689
2011,819,263823.057964826,"bbs_rtrg_1_76",1145.11947939795
2012,829,244312.587290318,"bbs_rtrg_1_76",1060.43461449664
2013,851,279868.915282467,"bbs_rtrg_1_76",1214.76624916786
2014,754,188978.655339069,"bbs_rtrg_1_76",820.258627462545
2015,872,243925.205700464,"bbs_rtrg_1_76",1058.75319131883
2016,863,206999.273759722,"bbs_rtrg_1_76",898.476814089122
2017,727,182757.89151616,"bbs_rtrg_1_76",793.257508283275
2018,738,219101.753710874,"bbs_rtrg_1_76",951.00742171681
1969,641,135393.598377226,"bbs_rtrg_10_11",652.629823387231
1970,702,130572.817441597,"bbs_rtrg_10_11",629.392495712092
1971,958,197892.29175635,"bbs_rtrg_10_11",953.888610440872
1972,1047,234807.648826806,"bbs_rtrg_10_11",1131.8295415774
1973,959,192934.102267004,"bbs_rtrg_10_11",929.988940371266
1974,799,158363.675360358,"bbs_rtrg_10_11",763.351138607217
1976,741,148138.295589869,"bbs_rtrg_10_11",714.062340069718
1981,570,138420.392105484,"bbs_rtrg_10_11",667.21969971801
1988,716,151513.360238889,"bbs_rtrg_10_11",730.330966298809
1989,663,127024.619236947,"bbs_rtrg_10_11",612.289323956571
1990,658,133004.570117132,"bbs_rtrg_10_11",641.114130546951
1991,669,143124.688329611,"bbs_rtrg_10_11",689.895542968438
1992,488,96137.927701175,"bbs_rtrg_10_11",463.408015803102
1993,731,139730.800830372,"bbs_rtrg_10_11",673.536186058124
1994,656,122783.193243718,"bbs_rtrg_10_11",591.844626939518
1995,690,139200.066919787,"bbs_rtrg_10_11",670.977920508777
1996,659,142430.624142224,"bbs_rtrg_10_11",686.549986062769
1997,692,149959.543978207,"bbs_rtrg_10_11",722.841196886227
1998,1042,217010.906586574,"bbs_rtrg_10_11",1046.04494847758
1999,397,92940.2383620907,"bbs_rtrg_10_11",447.994381380008
2001,596,115244.206805261,"bbs_rtrg_10_11",555.504892662416
2002,401,72689.589527134,"bbs_rtrg_10_11",350.381366207662
2003,447,110438.331062382,"bbs_rtrg_10_11",532.339411613915
2004,336,64771.1741540412,"bbs_rtrg_10_11",312.212692884939
2005,485,96533.1921161132,"bbs_rtrg_10_11",465.313285685905
2006,462,84662.0236939329,"bbs_rtrg_10_11",408.091388612292
2007,421,92861.8905731978,"bbs_rtrg_10_11",447.616726127168
2008,354,71935.9797897337,"bbs_rtrg_10_11",346.74878537875
2009,508,117220.48060311,"bbs_rtrg_10_11",565.0310093704
2011,345,87364.4590585327,"bbs_rtrg_10_11",421.11777934164
2012,385,81832.5922948164,"bbs_rtrg_10_11",394.452846344238
1969,588,107894.165965485,"bbs_rtrg_10_14",470.178094055583
1970,405,102226.05305824,"bbs_rtrg_10_14",445.477754609309
1971,380,86793.4605485131,"bbs_rtrg_10_14",378.226046719179
1972,441,100210.880317783,"bbs_rtrg_10_14",436.696092785221
1973,436,97307.4107476291,"bbs_rtrg_10_14",424.043436578767
1975,355,88666.649403225,"bbs_rtrg_10_14",386.388975248571
1976,590,127784.583297947,"bbs_rtrg_10_14",556.855982777933
1977,853,194440.284754388,"bbs_rtrg_10_14",847.326281966798
1978,797,195822.866552217,"bbs_rtrg_10_14",853.351257170622
1979,738,176133.849963565,"bbs_rtrg_10_14",767.551026818568
1980,649,148479.936390135,"bbs_rtrg_10_14",647.041597408894
1981,670,160628.704253528,"bbs_rtrg_10_14",699.983148678321
1982,735,163732.135212109,"bbs_rtrg_10_14",713.507190873576
1984,347,84058.1727878007,"bbs_rtrg_10_14",366.306288366009
1986,368,82396.8964117161,"bbs_rtrg_10_14",359.066825942648
1970,630,166680.713310463,"bbs_rtrg_10_2",775.19606705975
1972,383,86656.1290983565,"bbs_rtrg_10_2",403.018976397979
1973,434,112340.822755165,"bbs_rtrg_10_2",522.472949871841
1977,509,125703.71466163,"bbs_rtrg_10_2",584.620879555473
1978,526,119471.078061735,"bbs_rtrg_10_2",555.634230268389
1979,547,128263.188407476,"bbs_rtrg_10_2",596.524440214149
1981,547,131301.920165541,"bbs_rtrg_10_2",610.656926576348
1982,477,118486.479833816,"bbs_rtrg_10_2",551.05507615537
1983,516,131338.755233366,"bbs_rtrg_10_2",610.828238536444
1984,532,135599.998174003,"bbs_rtrg_10_2",630.646360878021
1985,466,106960.189431673,"bbs_rtrg_10_2",497.448784161122
1986,399,95308.8051747544,"bbs_rtrg_10_2",443.260707614189
1987,462,102718.745638869,"bbs_rtrg_10_2",477.722743388116
1989,631,132530.861954359,"bbs_rtrg_10_2",616.372469919162
1990,614,115000.353094899,"bbs_rtrg_10_2",534.841852179978
1991,667,150049.141387277,"bbs_rtrg_10_2",697.846211231733
1992,692,132947.972910887,"bbs_rtrg_10_2",618.312363063404
1993,369,95556.545531593,"bbs_rtrg_10_2",444.412894609666
1994,548,130581.493676397,"bbs_rtrg_10_2",607.306378274159
1995,600,143516.34904693,"bbs_rtrg_10_2",667.463602298914
1996,483,103662.661226248,"bbs_rtrg_10_2",482.112691309741
1997,415,84398.6232483013,"bbs_rtrg_10_2",392.519803328882
1998,519,104228.041455764,"bbs_rtrg_10_2",484.742152880964
1999,591,106058.240035136,"bbs_rtrg_10_2",493.254011946654
2000,586,116729.660412664,"bbs_rtrg_10_2",542.884487736571
2001,599,120567.653867406,"bbs_rtrg_10_2",560.734167957075
2002,771,231510.892009422,"bbs_rtrg_10_2",1076.70725306365
2003,591,114928.491011396,"bbs_rtrg_10_2",534.507637120566
2005,601,118309.924325595,"bbs_rtrg_10_2",550.233954545844
2006,632,135017.743680889,"bbs_rtrg_10_2",627.938420744308
2007,714,121892.226106773,"bbs_rtrg_10_2",566.894467910806
2008,656,111302.791612647,"bbs_rtrg_10_2",517.645290791293
2009,632,121302.778834364,"bbs_rtrg_10_2",564.153075711099
2010,676,133602.892107884,"bbs_rtrg_10_2",621.358251070903
2011,681,132452.275431143,"bbs_rtrg_10_2",616.006980940196
2012,635,126855.368399452,"bbs_rtrg_10_2",589.97697283371
2013,647,118205.292428076,"bbs_rtrg_10_2",549.747334145467
2016,689,133074.376951918,"bbs_rtrg_10_2",618.900241009933
2017,648,124860.020711431,"bbs_rtrg_10_2",580.697040864081
2018,639,115538.275178603,"bbs_rtrg_10_2",537.343611834051
1989,433,52254.2104738781,"bbs_rtrg_10_3",412.018860203037
1990,377,45282.0772373686,"bbs_rtrg_10_3",357.044335408975
1991,470,57946.7663516831,"bbs_rtrg_10_3",456.904054393998
1992,454,63280.7349483444,"bbs_rtrg_10_3",498.961826229509
1993,481,64766.7907023331,"bbs_rtrg_10_3",510.679216893419
1994,506,65160.8581391652,"bbs_rtrg_10_3",513.786396481327
1995,471,63360.9055087082,"bbs_rtrg_10_3",499.593962522515
1996,516,73916.4675178664,"bbs_rtrg_10_3",582.82343988664
1997,441,58847.8618825737,"bbs_rtrg_10_3",464.009096269181
1999,412,51087.5129509005,"bbs_rtrg_10_3",402.819575030424
2000,424,57681.9158554801,"bbs_rtrg_10_3",454.81573656123
2001,418,55744.225916325,"bbs_rtrg_10_3",439.537258656437
2002,390,46631.5726090928,"bbs_rtrg_10_3",367.684962065941
2003,434,48053.4442834517,"bbs_rtrg_10_3",378.896268127435
2004,515,56940.8574648641,"bbs_rtrg_10_3",448.972570418702
2005,504,57598.3333346172,"bbs_rtrg_10_3",454.15669732465
2006,428,55039.11715759,"bbs_rtrg_10_3",433.97755151593
2007,436,52527.8148901933,"bbs_rtrg_10_3",414.176201759524
2008,364,41681.2901371517,"bbs_rtrg_10_3",328.652514282775
2009,409,55368.452835809,"bbs_rtrg_10_3",436.574328111221
2010,385,44770.3026307165,"bbs_rtrg_10_3",353.00904737761
2011,365,45438.5484513001,"bbs_rtrg_10_3",358.278094193846
2012,418,50000.4345024355,"bbs_rtrg_10_3",394.248077743871
2013,482,61959.7595329656,"bbs_rtrg_10_3",488.546076377683
2014,444,61588.3590846252,"bbs_rtrg_10_3",485.617623569452
2015,408,50119.0930677495,"bbs_rtrg_10_3",395.183687839032
2016,453,62076.128368002,"bbs_rtrg_10_3",489.463632194526
2017,453,58773.1166952403,"bbs_rtrg_10_3",463.419738462194
2018,749,95898.4689791285,"bbs_rtrg_10_3",756.149170098913
1973,506,78870.4945876832,"bbs_rtrg_10_4",517.426178511738
1974,218,38276.8876391654,"bbs_rtrg_10_4",251.113725100812
1975,252,48732.3960994934,"bbs_rtrg_10_4",319.706597699198
1976,206,31949.5315619887,"bbs_rtrg_10_4",209.603402486354
1977,311,52835.619370028,"bbs_rtrg_10_4",346.625601409677
1978,363,55317.4577275706,"bbs_rtrg_10_4",362.907585486745
1979,468,58281.036991559,"bbs_rtrg_10_4",382.350008173436
1980,484,60883.8716558505,"bbs_rtrg_10_4",399.425782842821
1981,494,69398.5113927409,"bbs_rtrg_10_4",455.285677262089
1982,432,56774.2953231214,"bbs_rtrg_10_4",372.465100165951
1983,361,61847.378867625,"bbs_rtrg_10_4",405.746826690248
1984,366,51699.9302340353,"bbs_rtrg_10_4",339.174966128562
1986,341,44174.2798314077,"bbs_rtrg_10_4",289.803289825481
1989,164,33628.992065996,"bbs_rtrg_10_4",220.621424309252
1990,293,53168.8805264314,"bbs_rtrg_10_4",348.811945586998
1991,326,53002.8252623199,"bbs_rtrg_10_4",347.722547819428
1992,274,38342.0900165045,"bbs_rtrg_10_4",251.541482237531
1993,203,32848.7578478966,"bbs_rtrg_10_4",215.502734336206
1994,288,44377.4445664805,"bbs_rtrg_10_4",291.136142535822
1995,339,48227.3501407993,"bbs_rtrg_10_4",316.393267387958
1997,263,38580.1159226389,"bbs_rtrg_10_4",253.103040024657
1998,363,50521.6729060662,"bbs_rtrg_10_4",331.445064221624
1999,298,45622.8023571344,"bbs_rtrg_10_4",299.306253879317
2000,256,42639.4353707765,"bbs_rtrg_10_4",279.734014768617
2001,263,38180.755751007,"bbs_rtrg_10_4",250.483056359821
2002,249,48457.8690137331,"bbs_rtrg_10_4",317.905575636061
2003,214,38469.9761477622,"bbs_rtrg_10_4",252.380473200213
2004,229,28179.9149363596,"bbs_rtrg_10_4",184.873009514302
2005,266,39682.014847562,"bbs_rtrg_10_4",260.331996211756
2006,259,39082.5067141436,"bbs_rtrg_10_4",256.398951236153
2007,320,39677.1797278275,"bbs_rtrg_10_4",260.30027563564
2008,247,26201.614179201,"bbs_rtrg_10_4",171.894460234565
2009,280,50764.4302958772,"bbs_rtrg_10_4",333.037662685371
2010,294,50109.2988087705,"bbs_rtrg_10_4",328.739703308186
2011,252,36745.9587250837,"bbs_rtrg_10_4",241.070137803337
2012,254,36628.0075545585,"bbs_rtrg_10_4",240.296324684313
2014,228,33669.3506935737,"bbs_rtrg_10_4",220.886195191528
2016,562,103435.203787547,"bbs_rtrg_10_4",678.581800445956
2017,723,117666.465444018,"bbs_rtrg_10_4",771.945324699276
2018,778,108364.831888209,"bbs_rtrg_10_4",710.922394263
1989,613,71827.604274043,"bbs_rtrg_10_43",689.619391613994
1990,562,60592.705624743,"bbs_rtrg_10_43",581.752728794293
1991,675,72680.2064087438,"bbs_rtrg_10_43",697.805255132119
1992,538,53811.4222540984,"bbs_rtrg_10_43",516.645385180495
2001,627,59497.2281392827,"bbs_rtrg_10_43",571.235010367159
2002,676,71408.5327347126,"bbs_rtrg_10_43",685.595870811419
2003,724,72477.8785088616,"bbs_rtrg_10_43",695.862697745812
2004,540,52866.3645544571,"bbs_rtrg_10_43",507.571852484344
2007,390,42866.2823285516,"bbs_rtrg_10_43",411.560706206824
2008,501,57124.4302838927,"bbs_rtrg_10_43",548.453693490517
2009,323,32687.1230983269,"bbs_rtrg_10_43",313.830235220946
2011,524,51685.8485170668,"bbs_rtrg_10_43",496.237675885753
2012,546,57391.1288051122,"bbs_rtrg_10_43",551.014275509179
2013,483,50783.0111603274,"bbs_rtrg_10_43",487.569502208325
2014,474,47844.2256768233,"bbs_rtrg_10_43",459.354117918381
2017,475,47587.741213125,"bbs_rtrg_10_43",456.891601430441
1967,1096,192950.821175868,"bbs_rtrg_10_56",1045.02448526475
1968,1119,201042.293497656,"bbs_rtrg_10_56",1088.84801836288
1969,1303,222835.219243759,"bbs_rtrg_10_56",1206.87882471781
1970,1151,175585.976401755,"bbs_rtrg_10_56",950.976230579017
1971,1064,183643.435013586,"bbs_rtrg_10_56",994.615544923765
1972,952,172828.043271565,"bbs_rtrg_10_56",936.039224184292
1973,758,130643.095151254,"bbs_rtrg_10_56",707.564924740048
1974,1180,217359.49716206,"bbs_rtrg_10_56",1177.2222333905
1977,929,126297.959101224,"bbs_rtrg_10_56",684.031603988076
1978,827,135895.967290733,"bbs_rtrg_10_56",736.014557502779
1996,620,169521.658805041,"bbs_rtrg_10_56",918.131797285769
1998,381,99741.6864435776,"bbs_rtrg_10_56",540.202440704483
2001,561,150736.190424442,"bbs_rtrg_10_56",816.389424253842
2003,387,97130.5874405469,"bbs_rtrg_10_56",526.060690101979
1980,1116,186760.730771096,"bbs_rtrg_10_57",1021.23279946459
1981,791,172145.933519168,"bbs_rtrg_10_57",941.317122065106
1982,1056,186071.356079934,"bbs_rtrg_10_57",1017.46320591658
1984,771,143951.328117592,"bbs_rtrg_10_57",787.145226907227
1995,673,107391.277070428,"bbs_rtrg_10_57",587.229949614671
1999,566,114922.644940731,"bbs_rtrg_10_57",628.412482271466
2005,607,110902.81027705,"bbs_rtrg_10_57",606.431485570358
2006,413,79149.7814219059,"bbs_rtrg_10_57",432.801652278675
2007,566,99965.7320348818,"bbs_rtrg_10_57",546.626070453933
2008,476,74543.18724673,"bbs_rtrg_10_57",407.612175636082
2009,610,115278.374386055,"bbs_rtrg_10_57",630.357658732278
2011,352,61775.2298562563,"bbs_rtrg_10_57",337.795267041419
2012,551,100291.281477342,"bbs_rtrg_10_57",548.406218599186
2013,605,119141.928736223,"bbs_rtrg_10_57",651.484093655804
2014,598,111773.107595325,"bbs_rtrg_10_57",611.190388381667
2015,641,101667.134202122,"bbs_rtrg_10_57",555.929566382075
2016,564,106390.13819353,"bbs_rtrg_10_57",581.75558755962
2017,600,114627.764998668,"bbs_rtrg_10_57",626.80003908014
2018,640,123626.989707253,"bbs_rtrg_10_57",676.009010389123
1969,1130,214715.402897064,"bbs_rtrg_10_68",977.602888234691
1971,884,158407.327727379,"bbs_rtrg_10_68",721.231262472892
1972,1147,221285.533726983,"bbs_rtrg_10_68",1007.51680586121
1973,1436,233375.170173419,"bbs_rtrg_10_68",1062.56112661453
1975,1822,299781.854656774,"bbs_rtrg_10_68",1364.91189266619
1976,1862,337374.355836547,"bbs_rtrg_10_68",1536.07119113035
1977,2244,402595.291302109,"bbs_rtrg_10_68",1833.02322169831
1978,977,236733.969103963,"bbs_rtrg_10_68",1077.8537953807
1979,886,176037.08367803,"bbs_rtrg_10_68",801.499841734956
1980,1197,250223.518064443,"bbs_rtrg_10_68",1139.27194166558
1981,772,159059.959697481,"bbs_rtrg_10_68",724.202706953898
1983,568,109249.719480304,"bbs_rtrg_10_68",497.415834456817
1984,605,113750.54832367,"bbs_rtrg_10_68",517.908184876754
1986,826,177110.489294449,"bbs_rtrg_10_68",806.38707579781
1987,821,182846.27510305,"bbs_rtrg_10_68",832.502206324672
1991,573,121296.690021297,"bbs_rtrg_10_68",552.265896615605
1992,631,123825.85927204,"bbs_rtrg_10_68",563.781247312389
1993,637,138197.351746836,"bbs_rtrg_10_68",629.214897446651
1994,696,143791.498004646,"bbs_rtrg_10_68",654.685140685157
1995,667,141099.48286547,"bbs_rtrg_10_68",642.428349883372
1996,656,128274.679267907,"bbs_rtrg_10_68",584.03680056341
1997,585,121439.682459624,"bbs_rtrg_10_68",552.916943623959
2006,908,208270.373784662,"bbs_rtrg_10_68",948.258560859807
2007,1146,280441.0196882,"bbs_rtrg_10_68",1276.85274147798
2008,1058,269736.193372868,"bbs_rtrg_10_68",1228.11348484936
2009,1023,247553.35282524,"bbs_rtrg_10_68",1127.1146338307
2010,982,263476.932871712,"bbs_rtrg_10_68",1199.61496512705
2011,842,181332.375580917,"bbs_rtrg_10_68",825.60939600289
2012,888,217120.862899116,"bbs_rtrg_10_68",988.554988614122
2013,991,301868.679085638,"bbs_rtrg_10_68",1374.4132398512
2014,932,294654.73065196,"bbs_rtrg_10_68",1341.56800970383
2015,1110,270315.803973978,"bbs_rtrg_10_68",1230.75246179303
2016,797,261454.603493666,"bbs_rtrg_10_68",1190.40726500744
2017,901,268391.297839359,"bbs_rtrg_10_68",1221.99015256768
2018,1068,271349.9284853,"bbs_rtrg_10_68",1235.46084831501
1967,799,167991.585711987,"bbs_rtrg_10_7",892.284694102702
1968,1029,219580.038325347,"bbs_rtrg_10_7",1166.29595760885
1969,955,206826.719721091,"bbs_rtrg_10_7",1098.55690424279
1970,1387,286517.843066747,"bbs_rtrg_10_7",1521.83506615674
1971,1476,288071.124901267,"bbs_rtrg_10_7",1530.08529845675
1972,1478,282896.849681575,"bbs_rtrg_10_7",1502.60221612237
1973,1358,271941.994131287,"bbs_rtrg_10_7",1444.41567128918
1974,1355,263665.52157861,"bbs_rtrg_10_7",1400.45531608082
1975,1407,269657.569872723,"bbs_rtrg_10_7",1432.28198737808
1976,1099,226361.32668993,"bbs_rtrg_10_7",1202.31466526239
1977,1540,326302.096463446,"bbs_rtrg_10_7",1733.14850915882
1978,1172,225242.895868574,"bbs_rtrg_10_7",1196.37413735393
1980,1407,293562.352511942,"bbs_rtrg_10_7",1559.25186848508
1981,1234,245627.313221297,"bbs_rtrg_10_7",1304.64565300722
1982,1362,276252.421552741,"bbs_rtrg_10_7",1467.3104394819
1983,814,166516.09236379,"bbs_rtrg_10_7",884.447634137666
1984,867,162928.514657113,"bbs_rtrg_10_7",865.39227095977
1985,1055,196173.538168939,"bbs_rtrg_10_7",1041.97269615764
1987,1284,240870.304915688,"bbs_rtrg_10_7",1279.37887739566
1988,993,188379.422373113,"bbs_rtrg_10_7",1000.57437135938
1989,1099,192888.554724408,"bbs_rtrg_10_7",1024.52455769575
1990,939,164105.915111918,"bbs_rtrg_10_7",871.646015158917
1991,863,156027.234619414,"bbs_rtrg_10_7",828.736229401159
1992,1488,267919.540919983,"bbs_rtrg_10_7",1423.05047363372
1993,1071,182369.605971318,"bbs_rtrg_10_7",968.65332503458
1994,768,141289.004661342,"bbs_rtrg_10_7",750.45435025812
1995,1365,241691.651428937,"bbs_rtrg_10_7",1283.74144662329
1996,918,203334.46977493,"bbs_rtrg_10_7",1080.00787298189
1998,1141,210978.632105449,"bbs_rtrg_10_7",1120.60972228197
1999,822,143875.854429386,"bbs_rtrg_10_7",764.194362558057
2000,1017,184525.210385174,"bbs_rtrg_10_7",980.102784344531
2001,766,135330.616025115,"bbs_rtrg_10_7",718.806461710085
2002,888,151361.740478052,"bbs_rtrg_10_7",803.955529849336
2003,862,157177.834818297,"bbs_rtrg_10_7",834.847624457907
2004,894,157440.72036725,"bbs_rtrg_10_7",836.243936961519
2006,892,169657.833293324,"bbs_rtrg_10_7",901.134942209539
2007,806,146210.15869882,"bbs_rtrg_10_7",776.592983370922
2009,899,150141.149166362,"bbs_rtrg_10_7",797.472378085754
2010,761,134513.881641847,"bbs_rtrg_10_7",714.468389739108
2011,749,115983.557028052,"bbs_rtrg_10_7",616.044858824935
2012,771,138007.479754663,"bbs_rtrg_10_7",733.024581766227
2013,607,103829.18085312,"bbs_rtrg_10_7",551.487078854625
2014,833,146255.358957169,"bbs_rtrg_10_7",776.833063839975
2015,694,120024.864646272,"bbs_rtrg_10_7",637.510201369421
2016,687,104682.39474538,"bbs_rtrg_10_7",556.018911170114
2017,804,135170.227332825,"bbs_rtrg_10_7",717.954559666117
2018,766,122236.849395707,"bbs_rtrg_10_7",649.259123954702
1969,1145,199071.695870797,"bbs_rtrg_10_76",1118.10107379799
1970,809,152431.460735656,"bbs_rtrg_10_76",856.142703680737
1971,774,111388.811910719,"bbs_rtrg_10_76",625.62359586915
1972,811,122296.091669038,"bbs_rtrg_10_76",686.885148681291
1975,753,108764.010523099,"bbs_rtrg_10_76",610.881202495912
1979,736,130203.420198902,"bbs_rtrg_10_76",731.297250971575
1980,821,136771.311443327,"bbs_rtrg_10_76",768.186303535563
1981,954,167991.384406289,"bbs_rtrg_10_76",943.536179123077
1982,887,150363.932039381,"bbs_rtrg_10_76",844.530274071891
1983,921,158725.311797258,"bbs_rtrg_10_76",891.492589055045
1984,819,132005.177740301,"bbs_rtrg_10_76",741.416957004871
1988,787,143254.651355538,"bbs_rtrg_10_76",804.600467216298
1989,651,124995.175681738,"bbs_rtrg_10_76",702.044755975891
1990,645,123948.124915021,"bbs_rtrg_10_76",696.163917007464
1991,584,101393.060847361,"bbs_rtrg_10_76",569.481712170061
1992,472,79073.4871595233,"bbs_rtrg_10_76",444.122156669609
1993,571,96731.6307960209,"bbs_rtrg_10_76",543.300441532673
1994,598,95374.5543852089,"bbs_rtrg_10_76",535.678320339012
1995,610,105568.675308134,"bbs_rtrg_10_76",592.934363195784
1996,557,96795.6621164519,"bbs_rtrg_10_76",543.660078234503
1997,587,97336.8961788757,"bbs_rtrg_10_76",546.699959839595
1998,569,100042.585328394,"bbs_rtrg_10_76",561.896665379308
1999,557,93917.7981007612,"bbs_rtrg_10_76",527.496339677331
2000,608,100757.563707715,"bbs_rtrg_10_76",565.912394939278
2001,543,98514.9355740416,"bbs_rtrg_10_76",553.316506239874
2002,666,130306.590428681,"bbs_rtrg_10_76",731.876714286012
2003,600,113648.96868698,"bbs_rtrg_10_76",638.317935501082
2004,653,119988.423104885,"bbs_rtrg_10_76",673.923955537972
2005,695,142342.824470081,"bbs_rtrg_10_76",799.479123294014
2006,903,202109.991670951,"bbs_rtrg_10_76",1135.16588947562
2007,814,135970.244068038,"bbs_rtrg_10_76",763.687048688828
2008,778,146593.192762888,"bbs_rtrg_10_76",823.351634810211
2009,631,123790.16194098,"bbs_rtrg_10_76",695.276706145453
2016,844,193448.795923735,"bbs_rtrg_10_76",1086.51963555703
1986,174,37233.2835489889,"bbs_rtrg_10_93",247.645887740986
1987,207,29680.7495463363,"bbs_rtrg_10_93",197.412499505967
1988,230,41568.6262043958,"bbs_rtrg_10_93",276.481103929937
1990,243,35931.6473428424,"bbs_rtrg_10_93",238.988449474419
1991,207,40882.9624118636,"bbs_rtrg_10_93",271.920619266529
1992,130,22848.926543269,"bbs_rtrg_10_93",151.972701797612
1993,90,13632.9878206853,"bbs_rtrg_10_93",90.6756817988816
1994,176,31393.3496579997,"bbs_rtrg_10_93",208.80333949031
1995,162,33702.5090015586,"bbs_rtrg_10_93",224.162012190198
1996,186,32132.3946602612,"bbs_rtrg_10_93",213.718873072644
1998,357,53187.1590325721,"bbs_rtrg_10_93",353.758249597086
2000,333,44015.6616568162,"bbs_rtrg_10_93",292.756817731837
2001,432,45980.0270133633,"bbs_rtrg_10_93",305.822197848787
2002,220,33055.9874509431,"bbs_rtrg_10_93",219.861870271874
2004,268,32065.1985149998,"bbs_rtrg_10_93",213.271938301926
2005,309,38785.5478622752,"bbs_rtrg_10_93",257.970302813502
2007,254,42466.8377571573,"bbs_rtrg_10_93",282.45528552663
2009,339,46398.3908924113,"bbs_rtrg_10_93",308.604818245113
2010,276,35590.1902748428,"bbs_rtrg_10_93",236.717351395762
1977,287,53865.1906375903,"bbs_rtrg_100_45",298.871233728646
1978,281,46568.6697970695,"bbs_rtrg_100_45",258.3864575732
2002,165,25086.2146313401,"bbs_rtrg_100_45",139.190965959712
2005,242,33348.3426252019,"bbs_rtrg_100_45",185.033417411582
2006,278,38987.2775704021,"bbs_rtrg_100_45",216.321071349846
2007,265,45250.7667892545,"bbs_rtrg_100_45",251.074067266621
2008,234,52784.8963132628,"bbs_rtrg_100_45",292.877216188188
2009,347,66834.1300445951,"bbs_rtrg_100_45",370.829447833965
2011,100,29893.5770005592,"bbs_rtrg_100_45",165.864636010116
2012,279,53987.7917803913,"bbs_rtrg_100_45",299.551486678125
1992,453,54485.8930670423,"bbs_rtrg_101_3",445.777792298771
1993,314,38119.1046682781,"bbs_rtrg_101_3",311.872475000494
1994,393,51157.0511721408,"bbs_rtrg_101_3",418.542783247989
1996,394,42524.3291812233,"bbs_rtrg_101_3",347.913937247334
1997,366,50130.730636017,"bbs_rtrg_101_3",410.145914314938
2013,352,48700.7209174018,"bbs_rtrg_101_3",398.446251531662
2014,291,31830.479433553,"bbs_rtrg_101_3",260.421919344176
2015,385,45035.9537165449,"bbs_rtrg_101_3",368.462860600053
2016,295,37777.7866938053,"bbs_rtrg_101_3",309.079972857873
2017,364,43122.8892401719,"bbs_rtrg_101_3",352.811072388499
2018,327,37954.4100004707,"bbs_rtrg_101_3",310.525021168211
1992,1120,205666.937599392,"bbs_rtrg_101_4",1147.45288836745
1993,709,118291.378140237,"bbs_rtrg_101_4",659.96890458091
1994,626,107940.795387596,"bbs_rtrg_101_4",602.221139118783
1995,768,123096.788243221,"bbs_rtrg_101_4",686.779153067227
1997,620,117542.646241754,"bbs_rtrg_101_4",655.791594462158
1998,423,77691.2690750027,"bbs_rtrg_101_4",433.453583456811
2003,322,64074.0474396609,"bbs_rtrg_101_4",357.480651300608
2004,567,102515.483905982,"bbs_rtrg_101_4",571.952349188157
2005,556,90062.0067819394,"bbs_rtrg_101_4",502.472157267202
2006,597,102453.132673238,"bbs_rtrg_101_4",571.604480430346
2016,579,104557.008166546,"bbs_rtrg_101_4",583.342380745
2017,618,116680.40119771,"bbs_rtrg_101_4",650.980974059006
2018,633,128065.366120716,"bbs_rtrg_101_4",714.499743956343
1989,275,32961.4044139135,"bbs_rtrg_101_45",251.765519455721
1990,359,39722.4138659425,"bbs_rtrg_101_45",303.407404472508
1991,334,39649.1667485644,"bbs_rtrg_101_45",302.847928962188
1992,381,46445.1620609231,"bbs_rtrg_101_45",354.757042680424
1993,322,40176.0669983158,"bbs_rtrg_101_45",306.872493978113
1994,461,59417.6344714485,"bbs_rtrg_101_45",453.843271351018
1995,467,71544.975143627,"bbs_rtrg_101_45",546.474221950279
1996,294,40140.2553823513,"bbs_rtrg_101_45",306.598957996981
1997,442,55509.2520662451,"bbs_rtrg_101_45",423.990298033465
1998,353,44856.241742357,"bbs_rtrg_101_45",342.620564988088
2000,365,40721.5845828191,"bbs_rtrg_101_45",311.039261762338
2001,414,48407.7681014729,"bbs_rtrg_101_45",369.747803483
2002,426,55957.5531512726,"bbs_rtrg_101_45",427.414507576456
2003,401,47528.8935420427,"bbs_rtrg_101_45",363.034791282041
2004,287,37248.1508013009,"bbs_rtrg_101_45",284.508509330872
2007,393,61307.1863727529,"bbs_rtrg_101_45",468.276030647209
2008,329,40827.795865961,"bbs_rtrg_101_45",311.850523883833
2009,302,42091.8532390007,"bbs_rtrg_101_45",321.505636182714
2010,372,44239.4001481035,"bbs_rtrg_101_45",337.909010757906
2011,286,33986.0038264491,"bbs_rtrg_101_45",259.591605992924
2012,378,48560.9568962441,"bbs_rtrg_101_45",370.917888835131
2013,307,57324.1291565879,"bbs_rtrg_101_45",437.852676822324
2014,325,50044.8481869766,"bbs_rtrg_101_45",382.252134698435
2015,268,43225.0250576847,"bbs_rtrg_101_45",330.161019551122
2016,265,35169.8250552092,"bbs_rtrg_101_45",268.633859255522
2017,323,46218.2142590634,"bbs_rtrg_101_45",353.023571906332
2018,303,31565.5170138246,"bbs_rtrg_101_45",241.103464163055
1994,216,43804.4077989707,"bbs_rtrg_101_6",226.185118196602
1995,249,39586.4231818732,"bbs_rtrg_101_6",204.405452699285
2009,321,63879.6878368225,"bbs_rtrg_101_6",329.844311788031
2011,440,73456.0743394065,"bbs_rtrg_101_6",379.292214905995
2012,298,47446.3527637531,"bbs_rtrg_101_6",244.990389029283
2013,315,56447.049282034,"bbs_rtrg_101_6",291.46570300184
2014,284,46789.7388251739,"bbs_rtrg_101_6",241.599947090456
2015,424,83508.1219006985,"bbs_rtrg_101_6",431.196205394872
2016,309,78909.1913323117,"bbs_rtrg_101_6",407.449516272574
2017,309,64544.2363925005,"bbs_rtrg_101_6",333.275724313985
2018,247,62417.7222799743,"bbs_rtrg_101_6",322.295417307078
1994,466,94782.7909572922,"bbs_rtrg_102_18",354.659216697964
1995,508,96115.4652566351,"bbs_rtrg_102_18",359.645831022619
1996,569,141883.538288052,"bbs_rtrg_102_18",530.901274834265
1997,599,145887.680420442,"bbs_rtrg_102_18",545.884014821955
1998,475,101080.2254,"bbs_rtrg_102_18",378.22302130954
1999,500,120898.805918911,"bbs_rtrg_102_18",452.380388611263
2000,610,205164.215465474,"bbs_rtrg_102_18",767.685559968619
2001,449,99025.2520392545,"bbs_rtrg_102_18",370.53370096883
2002,474,110511.701008681,"bbs_rtrg_102_18",413.513813212767
2003,550,161213.81557556,"bbs_rtrg_102_18",603.231504110073
2004,440,140894.41116819,"bbs_rtrg_102_18",527.200148859792
2005,497,132658.369930613,"bbs_rtrg_102_18",496.382445513968
2006,443,81024.1741579851,"bbs_rtrg_102_18",303.177083627115
2007,513,207995.178056334,"bbs_rtrg_102_18",778.278484747842
2008,441,90361.9369931378,"bbs_rtrg_102_18",338.117220115804
2009,478,103029.416188662,"bbs_rtrg_102_18",385.516523340023
2010,503,116216.476093516,"bbs_rtrg_102_18",434.859998976987
2011,471,165833.99093742,"bbs_rtrg_102_18",620.519323536944
2012,494,115463.097387579,"bbs_rtrg_102_18",432.040998829113
2013,423,162661.006595061,"bbs_rtrg_102_18",608.646618269561
2014,569,181341.398621434,"bbs_rtrg_102_18",678.545100227847
2015,530,150219.844597129,"bbs_rtrg_102_18",562.094151050199
2016,437,153377.500293558,"bbs_rtrg_102_18",573.90949943345
2017,450,118606.129120677,"bbs_rtrg_102_18",443.801627116788
2018,374,81044.3160585508,"bbs_rtrg_102_18",303.252450796675
1997,853,174434.305126699,"bbs_rtrg_102_2",730.565798727517
1998,1216,284673.16850498,"bbs_rtrg_102_2",1192.26823286896
1999,742,155131.807622549,"bbs_rtrg_102_2",649.723074033469
2000,615,112641.268893819,"bbs_rtrg_102_2",471.764189500007
2001,993,183871.536497091,"bbs_rtrg_102_2",770.090813425052
2002,1014,253502.643432274,"bbs_rtrg_102_2",1061.719832255
2003,1001,208705.128177785,"bbs_rtrg_102_2",874.098868080934
2004,1205,390558.687543771,"bbs_rtrg_102_2",1635.73798919965
2005,1201,254488.772567584,"bbs_rtrg_102_2",1065.84993853692
2006,1188,283729.053218645,"bbs_rtrg_102_2",1188.31408899943
2011,764,146770.150832766,"bbs_rtrg_102_2",614.702781053392
2012,996,200604.451028187,"bbs_rtrg_102_2",840.171610092713
2013,1047,205308.16351774,"bbs_rtrg_102_2",859.871699873901
2014,1022,228476.808021318,"bbs_rtrg_102_2",956.906622361744
2015,824,337216.572763829,"bbs_rtrg_102_2",1412.33053123594
2016,902,300578.734871697,"bbs_rtrg_102_2",1258.88392975538
1989,1159,247009.130432265,"bbs_rtrg_102_45",1196.37400452046
1990,1021,220973.303798984,"bbs_rtrg_102_45",1070.27102963953
1991,1045,187104.964063124,"bbs_rtrg_102_45",906.231744268413
1992,1021,202682.781650038,"bbs_rtrg_102_45",981.681975502909
1993,765,186066.550674052,"bbs_rtrg_102_45",901.202250895202
1994,1084,243641.258947789,"bbs_rtrg_102_45",1180.06191966942
1995,1097,177908.784555492,"bbs_rtrg_102_45",861.690596803211
1996,867,212175.203808337,"bbs_rtrg_102_45",1027.65795659417
1997,1064,224571.958699833,"bbs_rtrg_102_45",1087.7009002159
1998,839,177328.979212944,"bbs_rtrg_102_45",858.8823441759
1999,968,200533.796236061,"bbs_rtrg_102_45",971.273492703602
2000,1122,264449.551531236,"bbs_rtrg_102_45",1280.84564487717
2001,1148,222878.134857416,"bbs_rtrg_102_45",1079.49696536637
2002,1039,231689.778091735,"bbs_rtrg_102_45",1122.17563430545
2003,1017,229903.566819644,"bbs_rtrg_102_45",1113.52422644546
2004,903,191349.270795447,"bbs_rtrg_102_45",926.788791017561
2005,655,157564.753771949,"bbs_rtrg_102_45",763.155495958956
2006,925,185598.362102824,"bbs_rtrg_102_45",898.934607448784
2007,856,157205.809091066,"bbs_rtrg_102_45",761.41696878582
2008,929,187847.572617166,"bbs_rtrg_102_45",909.828524549515
2009,1096,224172.31885886,"bbs_rtrg_102_45",1085.7652684598
2010,1146,208498.29970181,"bbs_rtrg_102_45",1009.8490906528
2011,1081,226243.071533783,"bbs_rtrg_102_45",1095.79483564922
2012,1032,198603.468091157,"bbs_rtrg_102_45",961.924063357745
2013,955,178327.200741934,"bbs_rtrg_102_45",863.717170669747
2014,874,186882.606258157,"bbs_rtrg_102_45",905.154767489866
2015,827,158186.188870623,"bbs_rtrg_102_45",766.165379829443
2016,899,182254.21821922,"bbs_rtrg_102_45",882.737445818692
2017,839,176611.750958697,"bbs_rtrg_102_45",855.4084918645
2018,905,175967.564361034,"bbs_rtrg_102_45",852.288412464377
1995,625,110504.533264508,"bbs_rtrg_102_79",546.67948041305
1996,594,111800.011499002,"bbs_rtrg_102_79",553.088370140894
1997,848,173929.199497387,"bbs_rtrg_102_79",860.449083860599
1998,804,174219.626071073,"bbs_rtrg_102_79",861.885859743995
1999,802,194395.296246439,"bbs_rtrg_102_79",961.697374825043
2000,765,180708.297941319,"bbs_rtrg_102_79",893.986115378815
2001,629,141530.6948972,"bbs_rtrg_102_79",700.169707641752
2002,747,154431.691493685,"bbs_rtrg_102_79",763.992520225333
2010,701,129164.310384119,"bbs_rtrg_102_79",638.991686609648
2012,717,136764.914321074,"bbs_rtrg_102_79",676.592806566728
2013,884,160770.198951885,"bbs_rtrg_102_79",795.349894094773
2014,873,147480.84767657,"bbs_rtrg_102_79",729.6058432799
2015,929,183596.242975662,"bbs_rtrg_102_79",908.273133695584
2017,773,163760.146057539,"bbs_rtrg_102_79",810.141529169772
2018,793,158293.345114662,"bbs_rtrg_102_79",783.096594354112
1970,508,88178.9041458999,"bbs_rtrg_103_14",458.448584451708
1971,829,147300.257476098,"bbs_rtrg_103_14",765.824832859745
1973,494,84653.6668403668,"bbs_rtrg_103_14",440.12061736897
1974,762,145132.293331853,"bbs_rtrg_103_14",754.553428404245
1975,753,159754.239528016,"bbs_rtrg_103_14",830.573998182119
1976,591,115171.581411612,"bbs_rtrg_103_14",598.785491593948
1977,644,118464.951327931,"bbs_rtrg_103_14",615.907963128798
1979,707,147011.784245837,"bbs_rtrg_103_14",764.325039396146
1980,591,135144.268973513,"bbs_rtrg_103_14",702.624957837479
1981,725,136836.239963994,"bbs_rtrg_103_14",711.421639005527
1992,468,104533.602153725,"bbs_rtrg_103_14",543.477857875391
1993,828,153529.535751088,"bbs_rtrg_103_14",798.211307096255
1994,754,144761.267622625,"bbs_rtrg_103_14",752.624438553006
1996,877,156008.685551916,"bbs_rtrg_103_14",811.100588584183
2012,807,153838.114769736,"bbs_rtrg_103_14",799.81563202704
2013,604,114286.449060095,"bbs_rtrg_103_14",594.183623635439
1989,664,115224.144664557,"bbs_rtrg_103_45",678.470289672636
1990,749,143893.115918655,"bbs_rtrg_103_45",847.280787576618
1991,818,141953.474316731,"bbs_rtrg_103_45",835.859663962733
1992,523,93465.9519245796,"bbs_rtrg_103_45",550.352286505664
1993,530,108238.01279869,"bbs_rtrg_103_45",637.334094437475
1994,688,116173.772478992,"bbs_rtrg_103_45",684.061949825262
1997,845,128539.708070878,"bbs_rtrg_103_45",756.875854649856
1998,675,118095.862887046,"bbs_rtrg_103_45",695.379727359875
1999,566,95971.4306526903,"bbs_rtrg_103_45",565.105209023585
2000,690,101856.276787169,"bbs_rtrg_103_45",599.756742112961
2001,597,107589.748823874,"bbs_rtrg_103_45",633.516944411689
2002,574,91746.1212383536,"bbs_rtrg_103_45",540.225467797063
2003,637,98181.8586564279,"bbs_rtrg_103_45",578.120794709748
2004,525,71469.9246928451,"bbs_rtrg_103_45",420.833850842651
2005,549,96834.9798408754,"bbs_rtrg_103_45",570.190015420371
2007,607,84570.5023652312,"bbs_rtrg_103_45",497.973522863118
2008,607,98025.4937681065,"bbs_rtrg_103_45",577.200076822165
2009,565,85569.8898109077,"bbs_rtrg_103_45",503.858180907118
2010,583,92708.2762494139,"bbs_rtrg_103_45",545.890891402198
2011,549,96671.883767926,"bbs_rtrg_103_45",569.229662534432
2012,615,96792.0858499084,"bbs_rtrg_103_45",569.937444237818
2013,490,74979.4957703825,"bbs_rtrg_103_45",441.499135124306
2014,472,90516.9944283935,"bbs_rtrg_103_45",532.988043512198
2015,447,79397.7937136264,"bbs_rtrg_103_45",467.515243936739
2016,464,108886.103146354,"bbs_rtrg_103_45",641.150222100593
2017,536,103512.661451915,"bbs_rtrg_103_45",609.509973838579
2018,401,70629.2820770336,"bbs_rtrg_103_45",415.883924412551
1993,191,44172.3298632715,"bbs_rtrg_103_6",144.814356983018
1995,131,29354.8728800866,"bbs_rtrg_103_6",96.2368761984323
1996,267,53432.895044177,"bbs_rtrg_103_6",175.174150005555
2003,70,28529.1566447382,"bbs_rtrg_103_6",93.5298520038167
2004,92,29229.2434895701,"bbs_rtrg_103_6",95.8250133996593
2005,145,34163.0174183016,"bbs_rtrg_103_6",111.999874476727
2006,152,40093.5914187403,"bbs_rtrg_103_6",131.442640187119
2007,107,32237.0416599426,"bbs_rtrg_103_6",105.685764673713
2008,111,22328.2986797431,"bbs_rtrg_103_6",73.2009886243362
2009,85,20029.2053746182,"bbs_rtrg_103_6",65.6636520234326
2010,104,22934.3620216687,"bbs_rtrg_103_6",75.1879038136323
2011,127,85734.2301627398,"bbs_rtrg_103_6",281.070694049456
2012,80,31730.7359959551,"bbs_rtrg_103_6",104.025894583225
2013,80,20385.7563894376,"bbs_rtrg_103_6",66.8325671814634
2014,114,36578.8264564543,"bbs_rtrg_103_6",119.919851383916
2015,103,32158.9196896276,"bbs_rtrg_103_6",105.42964997629
2016,59,29801.5266883675,"bbs_rtrg_103_6",97.7011839277375
2017,51,16251.6969909157,"bbs_rtrg_103_6",53.2794864320522
2018,86,48188.0881952998,"bbs_rtrg_103_6",157.979600076419
1998,327,100127.504473593,"bbs_rtrg_103_7",382.215795388583
1999,301,67710.1531641132,"bbs_rtrg_103_7",258.469340503035
2000,366,105375.984523786,"bbs_rtrg_103_7",402.250769669745
2001,501,125933.803743351,"bbs_rtrg_103_7",480.725942558263
2002,304,91980.0520443038,"bbs_rtrg_103_7",351.114600696641
2003,307,93982.5412529289,"bbs_rtrg_103_7",358.75868420452
2004,284,68839.4615927714,"bbs_rtrg_103_7",262.780239107448
2005,277,71277.2735068682,"bbs_rtrg_103_7",272.086075946716
2006,271,87546.6543181232,"bbs_rtrg_103_7",334.191032621168
2007,274,69745.254515403,"bbs_rtrg_103_7",266.237914041036
2008,275,74862.5342979769,"bbs_rtrg_103_7",285.77205875587
2009,272,92452.095898829,"bbs_rtrg_103_7",352.916529330179
2010,226,77916.4697118976,"bbs_rtrg_103_7",297.429818124125
2011,613,143438.217744184,"bbs_rtrg_103_7",547.545379987704
2014,658,105704.764666969,"bbs_rtrg_103_7",403.505819064969
1987,711,152367.48497382,"bbs_rtrg_103_79",736.214333945228
1989,744,132334.018993128,"bbs_rtrg_103_79",639.415959829362
1990,711,143179.024103223,"bbs_rtrg_103_79",691.817219948164
1992,747,148300.292049852,"bbs_rtrg_103_79",716.562334504138
1993,626,123176.626569977,"bbs_rtrg_103_79",595.168963400671
1994,586,134521.634757342,"bbs_rtrg_103_79",649.986155189974
1995,543,127341.368838424,"bbs_rtrg_103_79",615.29230504239
1996,584,117580.97137799,"bbs_rtrg_103_79",568.131688611604
1997,569,127222.491818742,"bbs_rtrg_103_79",614.717911064033
1998,571,116008.52176204,"bbs_rtrg_103_79",560.533873717779
2000,566,114539.290197854,"bbs_rtrg_103_79",553.434791274932
2001,600,136123.229999536,"bbs_rtrg_103_79",657.724796900078
2018,865,170535.604953501,"bbs_rtrg_103_79",823.999666571649
1970,930,121398.296824783,"bbs_rtrg_104_14",771.819816283502
1971,963,139066.610489925,"bbs_rtrg_104_14",884.150507600791
1972,788,110068.912007345,"bbs_rtrg_104_14",699.790439124932
1974,949,132959.262264243,"bbs_rtrg_104_14",845.321524749992
1975,601,97505.4218589615,"bbs_rtrg_104_14",619.914930886127
1976,961,152177.616549448,"bbs_rtrg_104_14",967.506984197475
1977,867,129387.08660318,"bbs_rtrg_104_14",822.610530983473
1986,1003,152105.135306027,"bbs_rtrg_104_14",967.046166694727
1987,888,147487.899686126,"bbs_rtrg_104_14",937.690944742697
1988,702,109037.409325343,"bbs_rtrg_104_14",693.232404693301
1989,756,109095.941338238,"bbs_rtrg_104_14",693.604536499271
1990,830,114200.721525078,"bbs_rtrg_104_14",726.059444097036
1992,918,142787.489642531,"bbs_rtrg_104_14",907.806920739124
1993,832,120378.837292574,"bbs_rtrg_104_14",765.338349167089
1994,897,124180.835354343,"bbs_rtrg_104_14",789.510495912937
1995,713,115129.099360959,"bbs_rtrg_104_14",731.961836712691
2009,233,54300.4837299068,"bbs_rtrg_104_14",345.228808580501
2012,302,64393.8943772077,"bbs_rtrg_104_14",409.400173049622
2013,220,54493.8139273472,"bbs_rtrg_104_14",346.457953316245
2014,283,56436.2190573059,"bbs_rtrg_104_14",358.807276245517
2015,302,70458.7055347086,"bbs_rtrg_104_14",447.958715927143
2018,298,79396.2288703464,"bbs_rtrg_104_14",504.781239795808
1973,583,116414.68306629,"bbs_rtrg_105_14",513.384041389473
1975,751,163995.98819735,"bbs_rtrg_105_14",723.215671552996
1977,706,158594.979198934,"bbs_rtrg_105_14",699.397440431679
1978,536,138654.647088834,"bbs_rtrg_105_14",611.46138274811
1979,463,106079.44046241,"bbs_rtrg_105_14",467.806039740838
1980,533,118016.409334391,"bbs_rtrg_105_14",520.447589415019
1981,445,98890.1825131189,"bbs_rtrg_105_14",436.101703110925
1982,587,147431.774153667,"bbs_rtrg_105_14",650.168157921538
1983,535,140337.969748597,"bbs_rtrg_105_14",618.884767558937
1984,356,80993.9747781682,"bbs_rtrg_105_14",357.180151202538
1986,943,168784.683195277,"bbs_rtrg_105_14",744.333622710558
1987,949,212300.403921561,"bbs_rtrg_105_14",936.236190170317
1995,723,176115.208861805,"bbs_rtrg_105_14",776.660944256833
1996,774,161273.595220945,"bbs_rtrg_105_14",711.210028693654
1997,756,170966.218490041,"bbs_rtrg_105_14",753.954105080657
1999,606,164527.170500796,"bbs_rtrg_105_14",725.558164015927
1984,358,79608.477524258,"bbs_rtrg_105_2",294.836953192654
1985,450,102841.527997716,"bbs_rtrg_105_2",380.882585868874
1986,406,87291.0292250628,"bbs_rtrg_105_2",323.28995476551
1987,397,87026.2363986081,"bbs_rtrg_105_2",322.309271393498
1988,520,110434.947752728,"bbs_rtrg_105_2",409.005479491588
1989,382,79053.4614659877,"bbs_rtrg_105_2",292.781402720112
1990,515,122979.84378031,"bbs_rtrg_105_2",455.466598180408
1991,400,94255.6447431053,"bbs_rtrg_105_2",349.084016947797
1994,774,194295.433383563,"bbs_rtrg_105_2",719.59011627374
1995,687,159837.637110722,"bbs_rtrg_105_2",591.97265664173
1996,829,197465.653274441,"bbs_rtrg_105_2",731.331302673042
1997,744,177271.198791518,"bbs_rtrg_105_2",656.539375779094
1998,813,208271.47477385,"bbs_rtrg_105_2",771.351606875677
1999,890,222558.817513728,"bbs_rtrg_105_2",824.266029229268
2000,702,168549.753472769,"bbs_rtrg_105_2",624.238740907228
2001,744,215778.021044166,"bbs_rtrg_105_2",799.152756956274
2002,814,242989.519503566,"bbs_rtrg_105_2",899.932919409846
2003,736,171721.354060863,"bbs_rtrg_105_2",635.985040839327
2004,840,209911.26171582,"bbs_rtrg_105_2",777.424701109998
2005,793,173763.648666895,"bbs_rtrg_105_2",643.54885738111
2006,761,214467.266043923,"bbs_rtrg_105_2",794.29826127099
2007,740,181723.146586447,"bbs_rtrg_105_2",673.027553476374
2008,666,160681.160768366,"bbs_rtrg_105_2",595.096720220134
2009,733,189795.368331682,"bbs_rtrg_105_2",702.923732110555
2010,754,217682.710999146,"bbs_rtrg_105_2",806.206942648143
2011,705,219621.18766792,"bbs_rtrg_105_2",813.386260387036
2012,688,176223.193060384,"bbs_rtrg_105_2",652.657994972613
2013,599,157606.439699596,"bbs_rtrg_105_2",583.709222053784
2014,664,184601.050002856,"bbs_rtrg_105_2",683.686120268059
2015,678,260655.972396776,"bbs_rtrg_105_2",965.362171503861
2016,811,342116.804025123,"bbs_rtrg_105_2",1267.05947999118
2017,749,387073.654858678,"bbs_rtrg_105_2",1433.56110566117
2018,662,143113.693165628,"bbs_rtrg_105_2",530.034068799327
1980,814,127105.728877553,"bbs_rtrg_105_4",956.525816474174
1981,680,86393.9793622089,"bbs_rtrg_105_4",650.152218768198
1984,770,105710.494675829,"bbs_rtrg_105_4",795.517386372842
1989,445,62382.8149915077,"bbs_rtrg_105_4",469.457777951088
1990,471,51517.573813218,"bbs_rtrg_105_4",387.692118912506
1991,524,64956.621401602,"bbs_rtrg_105_4",488.826789085382
1992,512,71324.3470424635,"bbs_rtrg_105_4",536.746690269193
1993,329,43471.8368938081,"bbs_rtrg_105_4",327.144454035899
1994,327,52750.8705980563,"bbs_rtrg_105_4",396.973212884351
1996,445,55264.4085400147,"bbs_rtrg_105_4",415.888677619121
1997,440,56546.8618167203,"bbs_rtrg_105_4",425.539695542731
1998,404,57257.2998181849,"bbs_rtrg_105_4",430.886050072981
1999,549,69142.2652599742,"bbs_rtrg_105_4",520.325577097971
2000,453,56511.5217928981,"bbs_rtrg_105_4",425.273746514003
2001,397,51048.7940425363,"bbs_rtrg_105_4",384.164347529913
2002,232,44081.5456746753,"bbs_rtrg_105_4",331.732777430765
2003,288,43044.9101058386,"bbs_rtrg_105_4",323.931644526497
2004,327,45479.4295798293,"bbs_rtrg_105_4",342.252460969197
2005,327,50632.2453519862,"bbs_rtrg_105_4",381.029637711179
2006,392,53391.5845167755,"bbs_rtrg_105_4",401.794863408221
2007,439,63724.1932155198,"bbs_rtrg_105_4",479.552231696441
2008,387,49618.0595001567,"bbs_rtrg_105_4",373.397448678124
2009,349,50388.0418549837,"bbs_rtrg_105_4",379.191900329718
2010,370,46537.1040110284,"bbs_rtrg_105_4",350.211920450691
2011,344,42520.1795740781,"bbs_rtrg_105_4",319.982819365322
2012,452,53166.4783088066,"bbs_rtrg_105_4",400.100841421389
2013,379,47498.8563060323,"bbs_rtrg_105_4",357.44952419482
2014,400,41024.4154427433,"bbs_rtrg_105_4",308.726544611916
2015,376,40843.3332258059,"bbs_rtrg_105_4",307.363822278827
2016,379,50436.4152769476,"bbs_rtrg_105_4",379.555931340345
2017,384,51534.9635229932,"bbs_rtrg_105_4",387.822984031552
2018,373,42892.9512884863,"bbs_rtrg_105_4",322.788088424644
1989,820,158203.545947621,"bbs_rtrg_105_45",821.23351718799
1990,808,172021.181248037,"bbs_rtrg_105_45",892.960766846093
1991,702,141667.456484373,"bbs_rtrg_105_45",735.394790697407
1992,716,127307.161343013,"bbs_rtrg_105_45",660.850597543223
1993,999,188809.638805574,"bbs_rtrg_105_45",980.109534375628
1994,828,160810.792968734,"bbs_rtrg_105_45",834.767718513894
1995,909,146883.373342325,"bbs_rtrg_105_45",762.470579175842
1996,815,140520.782227887,"bbs_rtrg_105_45",729.442412531154
1997,723,135142.637679662,"bbs_rtrg_105_45",701.52450123006
1999,777,134985.116834081,"bbs_rtrg_105_45",700.706811605769
2000,640,108651.119234122,"bbs_rtrg_105_45",564.007211472949
2001,1249,223651.162413178,"bbs_rtrg_105_45",1160.97164340784
2002,648,117765.851752347,"bbs_rtrg_105_45",611.321725185859
2003,960,172940.255019629,"bbs_rtrg_105_45",897.731672463149
2004,867,157580.75390994,"bbs_rtrg_105_45",818.000608010656
2006,525,113687.441799496,"bbs_rtrg_105_45",590.150727215791
2007,533,105414.314410331,"bbs_rtrg_105_45",547.204979930218
2008,494,109113.286239266,"bbs_rtrg_105_45",566.406317212893
2009,479,102751.660468965,"bbs_rtrg_105_45",533.383161662969
2010,515,110594.209841982,"bbs_rtrg_105_45",574.093781432864
2011,485,95712.7713555385,"bbs_rtrg_105_45",496.844336764381
2012,581,120410.135411716,"bbs_rtrg_105_45",625.048183445809
2013,528,94895.1965678334,"bbs_rtrg_105_45",492.60031167348
2014,492,97014.590251471,"bbs_rtrg_105_45",503.60206968525
2015,587,132392.650855099,"bbs_rtrg_105_45",687.24933856775
2016,410,86440.9272105193,"bbs_rtrg_105_45",448.714257679086
2017,506,121747.926295538,"bbs_rtrg_105_45",631.99264670801
2018,524,106186.963835561,"bbs_rtrg_105_45",551.21579777399
1997,621,149531.410443685,"bbs_rtrg_105_56",640.192357657178
1998,622,165943.302580194,"bbs_rtrg_105_56",710.456978911745
1999,765,183488.389315057,"bbs_rtrg_105_56",785.573172952604
2001,642,145446.464779607,"bbs_rtrg_105_56",622.703383348515
2002,588,147417.946540516,"bbs_rtrg_105_56",631.143934754064
2003,703,171464.863515315,"bbs_rtrg_105_56",734.096568095812
2004,657,153820.200379306,"bbs_rtrg_105_56",658.554055257931
2005,671,148485.043725342,"bbs_rtrg_105_56",635.712523123399
2006,680,146128.441876122,"bbs_rtrg_105_56",625.623147991878
2007,700,155491.395373463,"bbs_rtrg_105_56",665.708981839845
2009,619,144310.141321511,"bbs_rtrg_105_56",617.838414901144
2011,696,164363.50627393,"bbs_rtrg_105_56",703.693359690044
2015,535,151523.890923743,"bbs_rtrg_105_56",648.722811374755
2016,621,124127.095277432,"bbs_rtrg_105_56",531.428263393017
2017,673,135834.638996482,"bbs_rtrg_105_56",581.55204670807
1970,438,172803.923799586,"bbs_rtrg_106_14",590.226524315482
1971,383,91151.2596560326,"bbs_rtrg_106_14",311.334893275653
1974,380,116279.469244016,"bbs_rtrg_106_14",397.162434000872
1975,344,105125.885833678,"bbs_rtrg_106_14",359.066419597969
1976,628,200317.618724956,"bbs_rtrg_106_14",684.201893449526
1977,965,250060.54272208,"bbs_rtrg_106_14",854.103088367777
1978,608,215567.832498317,"bbs_rtrg_106_14",736.290297882742
1986,2063,457629.935641012,"bbs_rtrg_106_14",1563.07403441472
1987,1468,343485.489031823,"bbs_rtrg_106_14",1173.20395212312
1988,1257,306684.024629089,"bbs_rtrg_106_14",1047.50541503818
1989,1958,609776.89629388,"bbs_rtrg_106_14",2082.74494116714
1990,1822,421431.487163586,"bbs_rtrg_106_14",1439.43514959852
1991,1111,292260.86945798,"bbs_rtrg_106_14",998.241899724834
1993,1595,376794.792771285,"bbs_rtrg_106_14",1286.97471693696
1994,1443,355009.499167894,"bbs_rtrg_106_14",1212.56519056744
1995,1607,384501.875059928,"bbs_rtrg_106_14",1313.29891312312
1998,1258,300991.209021579,"bbs_rtrg_106_14",1028.06111831326
1999,1141,284433.896421758,"bbs_rtrg_106_14",971.508206475844
2000,1463,407272.51768072,"bbs_rtrg_106_14",1391.07398301151
2001,945,297535.012633855,"bbs_rtrg_106_14",1016.25618508938
2002,1002,310933.215511758,"bbs_rtrg_106_14",1062.01888852122
2003,555,204964.15560664,"bbs_rtrg_106_14",700.072536045356
2004,1077,327339.069790961,"bbs_rtrg_106_14",1118.05448156059
2005,986,261083.042363231,"bbs_rtrg_106_14",891.751374988921
2006,976,291893.178018172,"bbs_rtrg_106_14",996.986018285532
2008,524,193883.72432264,"bbs_rtrg_106_14",662.226378962391
2009,731,202972.039382633,"bbs_rtrg_106_14",693.268293357607
2010,593,169182.142684791,"bbs_rtrg_106_14",577.856022348776
2011,635,338271.314714925,"bbs_rtrg_106_14",1155.39449550564
2012,742,251473.990734358,"bbs_rtrg_106_14",858.930840476895
2013,785,388246.519500357,"bbs_rtrg_106_14",1326.08906524626
2014,511,273354.064394042,"bbs_rtrg_106_14",933.664096203771
2015,486,161240.161980562,"bbs_rtrg_106_14",550.729510611265
2016,411,196793.679223955,"bbs_rtrg_106_14",672.165577850665
2017,326,122437.363987936,"bbs_rtrg_106_14",418.195248140091
2018,354,145587.911461698,"bbs_rtrg_106_14",497.267915420993
1996,560,78728.5534141952,"bbs_rtrg_106_4",432.536083557268
1997,526,77951.4266618897,"bbs_rtrg_106_4",428.266535251186
1998,490,80699.7774686716,"bbs_rtrg_106_4",443.366023844007
2000,565,91582.9263293807,"bbs_rtrg_106_4",503.15823875003
2001,413,73484.781811306,"bbs_rtrg_106_4",403.726708383691
2002,393,72628.4757070015,"bbs_rtrg_106_4",399.022147298548
2003,294,77847.2257415579,"bbs_rtrg_106_4",427.694053527227
2004,632,115163.003082701,"bbs_rtrg_106_4",632.707603072811
2005,526,95585.8202940835,"bbs_rtrg_106_4",525.150209938407
2006,673,130454.515480164,"bbs_rtrg_106_4",716.719446263536
2007,599,107801.488755613,"bbs_rtrg_106_4",592.263311414893
2008,517,83236.9706436777,"bbs_rtrg_106_4",457.305408623145
2009,637,115970.455817561,"bbs_rtrg_106_4",637.143762870597
2010,542,95675.68369334,"bbs_rtrg_106_4",525.643921064598
2018,582,150035.285214145,"bbs_rtrg_106_4",824.296546140056
1993,672,138045.997885809,"bbs_rtrg_106_79",686.010155600231
1994,496,104453.111900693,"bbs_rtrg_106_79",519.072603663575
1995,534,99132.1050355473,"bbs_rtrg_106_79",492.630223562644
1996,598,115721.535331343,"bbs_rtrg_106_79",575.070264076909
1997,490,91539.3955902729,"bbs_rtrg_106_79",454.898772685751
1998,558,113261.027206891,"bbs_rtrg_106_79",562.842937047062
2000,517,101139.025005722,"bbs_rtrg_106_79",502.603475247604
2001,592,114379.516977846,"bbs_rtrg_106_79",568.401195551919
2002,839,167140.673252344,"bbs_rtrg_106_79",830.59415717227
2003,640,126221.822360346,"bbs_rtrg_106_79",627.250723119058
2004,590,115449.072765907,"bbs_rtrg_106_79",573.71627997181
2005,631,114856.732924867,"bbs_rtrg_106_79",570.772687598661
2006,683,136246.823805789,"bbs_rtrg_106_79",677.069282923813
2008,689,140250.086188521,"bbs_rtrg_106_79",696.963221843782
2009,555,116486.497942205,"bbs_rtrg_106_79",578.871693511611
2010,637,125764.314435042,"bbs_rtrg_106_79",624.977168739848
2011,647,125229.195057188,"bbs_rtrg_106_79",622.317929549373
2012,529,109808.01958547,"bbs_rtrg_106_79",545.683451571655
2013,616,125689.972344779,"bbs_rtrg_106_79",624.607730801116
2014,698,143538.117737078,"bbs_rtrg_106_79",713.302869995767
2015,765,159675.185984163,"bbs_rtrg_106_79",793.494928213
2017,840,196168.96050595,"bbs_rtrg_106_79",974.848247552542
1970,563,93485.2833010428,"bbs_rtrg_107_14",516.426459564626
1971,840,159896.604861524,"bbs_rtrg_107_14",883.292371047665
1972,854,130310.119805635,"bbs_rtrg_107_14",719.852274501432
1973,579,99444.4339005141,"bbs_rtrg_107_14",549.345684253578
1974,673,105688.611166959,"bbs_rtrg_107_14",583.839438187232
1976,584,119754.573867999,"bbs_rtrg_107_14",661.541885690913
1977,563,94202.8889228814,"bbs_rtrg_107_14",520.390618601898
1981,553,123792.470880182,"bbs_rtrg_107_14",683.84782288718
1986,504,99424.6404733196,"bbs_rtrg_107_14",549.236342449523
2013,609,103431.039272295,"bbs_rtrg_107_14",571.368278881658
2014,680,129462.677592521,"bbs_rtrg_107_14",715.170879030931
2016,583,114169.28802128,"bbs_rtrg_107_14",630.687944903364
1997,550,102070.372260775,"bbs_rtrg_107_4",500.844833144198
1998,497,104807.485627117,"bbs_rtrg_107_4",514.275460043058
2000,560,116363.758530128,"bbs_rtrg_107_4",570.980451370906
2001,401,82356.8034846675,"bbs_rtrg_107_4",404.113148467659
2002,505,99627.3367822456,"bbs_rtrg_107_4",488.857204711892
2003,571,109010.997795397,"bbs_rtrg_107_4",534.901497784579
2004,584,112913.360221378,"bbs_rtrg_107_4",554.049836473059
2005,564,116647.550033848,"bbs_rtrg_107_4",572.37297601033
2006,542,98464.4246485233,"bbs_rtrg_107_4",483.150959886141
2008,631,111127.539216517,"bbs_rtrg_107_4",545.287066205897
2009,554,120408.085761838,"bbs_rtrg_107_4",590.825391216636
2011,546,115398.132892215,"bbs_rtrg_107_4",566.242263385615
2012,505,99841.8883874848,"bbs_rtrg_107_4",489.909978994446
2013,484,90549.3943946786,"bbs_rtrg_107_4",444.313029554211
2014,485,91527.1372267962,"bbs_rtrg_107_4",449.110674892064
2016,583,131805.174450994,"bbs_rtrg_107_4",646.749288194951
2017,625,153495.520970361,"bbs_rtrg_107_4",753.180740757674
2018,512,120206.288137108,"bbs_rtrg_107_4",589.835198906682
1989,561,109030.15622821,"bbs_rtrg_107_45",558.97955414782
1990,713,140549.141991143,"bbs_rtrg_107_45",720.572174193957
1991,628,128957.77588639,"bbs_rtrg_107_45",661.145159858241
1992,465,81961.1540291166,"bbs_rtrg_107_45",420.201262857429
1993,457,82803.1491327879,"bbs_rtrg_107_45",424.518032308439
1994,494,93122.6734391006,"bbs_rtrg_107_45",477.424524377354
1995,509,92915.8179513236,"bbs_rtrg_107_45",476.364010549522
1996,691,142252.419598494,"bbs_rtrg_107_45",729.304596401574
1997,608,110106.514148872,"bbs_rtrg_107_45",564.497862947965
1998,534,110251.944070566,"bbs_rtrg_107_45",565.243458071372
1999,632,121995.512751368,"bbs_rtrg_107_45",625.450789807736
2000,611,125680.823938958,"bbs_rtrg_107_45",644.344769930293
2001,825,166928.1607814,"bbs_rtrg_107_45",855.813034817613
2002,715,132421.745392106,"bbs_rtrg_107_45",678.904357834937
2003,656,120921.597525928,"bbs_rtrg_107_45",619.945004301451
2004,618,127051.483016733,"bbs_rtrg_107_45",651.371912022792
2005,554,105599.290688381,"bbs_rtrg_107_45",541.390074721775
2006,487,94672.9621102307,"bbs_rtrg_107_45",485.372597645953
2007,545,118168.156441399,"bbs_rtrg_107_45",605.828567867288
2008,640,135403.353052255,"bbs_rtrg_107_45",694.190566514903
2009,712,146475.58464096,"bbs_rtrg_107_45",750.956064162374
2010,633,126717.427152534,"bbs_rtrg_107_45",649.659262931108
2011,700,149684.307182027,"bbs_rtrg_107_45",767.406653223582
2015,794,127643.762979271,"bbs_rtrg_107_45",654.408433301337
2016,774,157713.559501948,"bbs_rtrg_107_45",808.571300117566
2017,593,104586.672642682,"bbs_rtrg_107_45",536.198549704404
2018,739,140425.332879155,"bbs_rtrg_107_45",719.937425381216
1992,206,134593.409501274,"bbs_rtrg_107_6",411.103683462091
1993,195,114538.328897278,"bbs_rtrg_107_6",349.847210808771
1994,146,70986.7792826911,"bbs_rtrg_107_6",216.822848521039
1996,211,75225.4113893249,"bbs_rtrg_107_6",229.76937597981
1997,259,109402.721470297,"bbs_rtrg_107_6",334.160951445328
1998,237,107288.540559585,"bbs_rtrg_107_6",327.70337255555
2000,123,61610.265091993,"bbs_rtrg_107_6",188.183113959637
2001,252,74470.2615519985,"bbs_rtrg_107_6",227.462837488504
2005,371,87964.56062561,"bbs_rtrg_107_6",268.679982335766
2006,397,97765.746315942,"bbs_rtrg_107_6",298.616838490326
2007,484,129238.367953211,"bbs_rtrg_107_6",394.747181953895
2008,414,125031.198030272,"bbs_rtrg_107_6",381.896752956812
2009,452,149101.734630496,"bbs_rtrg_107_6",455.418081348211
2010,422,107172.643137783,"bbs_rtrg_107_6",327.349374115484
2011,381,103551.338089684,"bbs_rtrg_107_6",316.288417641242
2012,459,121214.820058422,"bbs_rtrg_107_6",370.239963463741
2013,440,132824.450563282,"bbs_rtrg_107_6",405.700554601649
2014,425,142828.696474979,"bbs_rtrg_107_6",436.25764027025
2015,494,131811.662184338,"bbs_rtrg_107_6",402.607081936873
2016,415,122121.550362183,"bbs_rtrg_107_6",373.009491103796
2017,371,127745.399172004,"bbs_rtrg_107_6",390.187040654834
2018,408,149275.294586348,"bbs_rtrg_107_6",455.94820490639
1973,716,119046.040395036,"bbs_rtrg_108_14",546.558455604657
1974,777,133178.899901447,"bbs_rtrg_108_14",611.444560505496
1975,825,173777.128020512,"bbs_rtrg_108_14",797.837193031618
1976,1042,326888.984020579,"bbs_rtrg_108_14",1500.79698297898
1978,675,128369.610697937,"bbs_rtrg_108_14",589.364383198431
1979,789,137476.604902549,"bbs_rtrg_108_14",631.175977025123
1980,770,163245.604207915,"bbs_rtrg_108_14",749.485367375963
1981,921,164629.945630446,"bbs_rtrg_108_14",755.841089140561
1982,785,138652.023047023,"bbs_rtrg_108_14",636.572500282858
1983,769,127145.47837414,"bbs_rtrg_108_14",583.744205743303
1984,856,142606.772331602,"bbs_rtrg_108_14",654.72935500991
1985,704,125612.539215813,"bbs_rtrg_108_14",576.706249200349
1986,767,137309.940520106,"bbs_rtrg_108_14",630.410795527527
1987,731,119320.133557677,"bbs_rtrg_108_14",547.81685895153
1988,725,151278.838360361,"bbs_rtrg_108_14",694.544127511809
1989,689,143884.390153939,"bbs_rtrg_108_14",660.595092513757
1990,674,137623.400421965,"bbs_rtrg_108_14",631.849937554306
1991,597,123502.474710801,"bbs_rtrg_108_14",567.018622520297
1992,625,129609.239565727,"bbs_rtrg_108_14",595.055707641092
1993,760,174084.611001736,"bbs_rtrg_108_14",799.248894107815
1994,740,158709.468405191,"bbs_rtrg_108_14",728.659278826333
1995,694,154053.290800296,"bbs_rtrg_108_14",707.282060127521
1996,740,165999.694971291,"bbs_rtrg_108_14",762.129816441475
1997,707,198680.782274882,"bbs_rtrg_108_14",912.173652799737
1998,642,165913.785325016,"bbs_rtrg_108_14",761.735392204988
1999,1178,297497.548877866,"bbs_rtrg_108_14",1365.8564394187
2000,1036,209174.795913287,"bbs_rtrg_108_14",960.353263547544
2001,1034,205738.330567877,"bbs_rtrg_108_14",944.575929117154
2002,971,199854.081094555,"bbs_rtrg_108_14",917.56044591537
2003,898,202709.782892247,"bbs_rtrg_108_14",930.671406675043
2004,825,207994.258486453,"bbs_rtrg_108_14",954.933236886831
2005,904,201596.988886277,"bbs_rtrg_108_14",925.562400350341
2006,839,205885.139385071,"bbs_rtrg_108_14",945.249950698456
2007,834,212313.773774457,"bbs_rtrg_108_14",974.764787746797
2008,849,235327.065567698,"bbs_rtrg_108_14",1080.42230629303
2009,870,189420.093545543,"bbs_rtrg_108_14",869.656424062458
2010,782,173590.317860126,"bbs_rtrg_108_14",796.979519207162
2011,863,202910.32296948,"bbs_rtrg_108_14",931.59211663344
2012,1215,307606.543912241,"bbs_rtrg_108_14",1412.26837126766
2013,926,232500.627983261,"bbs_rtrg_108_14",1067.4457019819
2014,907,207698.528218439,"bbs_rtrg_108_14",953.575494302321
2015,868,166265.772196947,"bbs_rtrg_108_14",763.351417403955
2016,935,199318.929769929,"bbs_rtrg_108_14",915.10348488977
2017,747,186946.710718929,"bbs_rtrg_108_14",858.30074777665
1984,841,195630.023228942,"bbs_rtrg_108_4",885.652431007514
1985,751,158036.634353385,"bbs_rtrg_108_4",715.460373071277
1986,813,162333.587983138,"bbs_rtrg_108_4",734.913457855012
1987,1108,258503.244375593,"bbs_rtrg_108_4",1170.29085324314
1988,1041,307266.93923601,"bbs_rtrg_108_4",1391.05290287749
1989,582,141908.278688199,"bbs_rtrg_108_4",642.444395424993
1990,799,167612.430641626,"bbs_rtrg_108_4",758.811731526045
1991,591,139322.197777981,"bbs_rtrg_108_4",630.736740295615
1992,740,153751.607000693,"bbs_rtrg_108_4",696.061280696767
1995,772,158493.316091732,"bbs_rtrg_108_4",717.527853742635
1996,1005,185701.785388886,"bbs_rtrg_108_4",840.70550602363
1997,555,103918.889695211,"bbs_rtrg_108_4",470.45957346975
1999,569,123985.452622661,"bbs_rtrg_108_4",561.304526331937
2005,914,202608.058136346,"bbs_rtrg_108_4",917.243254733815
2010,803,188278.361162647,"bbs_rtrg_108_4",852.370129684366
2011,669,139841.110548839,"bbs_rtrg_108_4",633.085952085328
2012,849,173149.498640918,"bbs_rtrg_108_4",783.87903793069
1991,225,64354.8220520629,"bbs_rtrg_108_6",224.303931048125
1992,201,63704.4193532388,"bbs_rtrg_108_6",222.037000964898
1993,226,67251.6999023316,"bbs_rtrg_108_6",234.400782672637
1994,269,91342.6173527849,"bbs_rtrg_108_6",318.367878134745
1998,240,55414.6469178989,"bbs_rtrg_108_6",193.143617602936
2000,162,45324.8068793078,"bbs_rtrg_108_6",157.976232904524
2005,427,100856.015684125,"bbs_rtrg_108_6",351.526118268172
2006,370,113059.75063664,"bbs_rtrg_108_6",394.061325981186
2007,368,128217.898547622,"bbs_rtrg_108_6",446.89391964591
2008,344,87258.0970913964,"bbs_rtrg_108_6",304.131587490759
2009,417,102480.777568478,"bbs_rtrg_108_6",357.189104600146
2010,336,91394.9747004704,"bbs_rtrg_108_6",318.550365763964
2011,348,78389.5309861334,"bbs_rtrg_108_6",273.220861973387
2012,427,116902.428840754,"bbs_rtrg_108_6",407.454694177252
2013,435,122489.112502109,"bbs_rtrg_108_6",426.92666328239
2014,369,106005.874661232,"bbs_rtrg_108_6",369.47556752582
2015,368,119868.037342416,"bbs_rtrg_108_6",417.791101359523
2016,414,126054.665230638,"bbs_rtrg_108_6",439.354131308351
2017,301,86724.3224646898,"bbs_rtrg_108_6",302.271155851819
2018,321,117323.974305035,"bbs_rtrg_108_6",408.923959443457
1989,846,153687.781087374,"bbs_rtrg_108_79",743.249361877245
2003,569,109195.499966846,"bbs_rtrg_108_79",528.080274801319
2008,429,98576.535211593,"bbs_rtrg_108_79",476.725907379929
2009,346,84732.1350280789,"bbs_rtrg_108_79",409.773014123437
2010,421,91778.6118006379,"bbs_rtrg_108_79",443.850475113715
2011,428,97364.5953647231,"bbs_rtrg_108_79",470.864846003114
2012,444,86542.2763660953,"bbs_rtrg_108_79",418.527037279146
2014,355,71787.4337527022,"bbs_rtrg_108_79",347.171154076115
2015,549,102150.362928193,"bbs_rtrg_108_79",494.009292897168
2017,505,104131.811191514,"bbs_rtrg_108_79",503.591773344778
2018,434,101353.764347595,"bbs_rtrg_108_79",490.156863104035
1970,127,22279.5043145862,"bbs_rtrg_109_14",91.0011310653477
1971,134,29810.0812086804,"bbs_rtrg_109_14",121.759939935637
1972,97,17577.808469644,"bbs_rtrg_109_14",71.7969497795518
1973,135,22829.1366901808,"bbs_rtrg_109_14",93.2461167321293
1974,119,24053.0696143331,"bbs_rtrg_109_14",98.2452979918783
1975,139,23889.6894943446,"bbs_rtrg_109_14",97.5779682567724
1976,96,27388.2684874188,"bbs_rtrg_109_14",111.867991993197
1977,100,16805.5444280757,"bbs_rtrg_109_14",68.6426201198117
1978,252,51864.1154421445,"bbs_rtrg_109_14",211.840133438201
1979,157,36256.2617890427,"bbs_rtrg_109_14",148.089507935963
1980,213,55662.974771993,"bbs_rtrg_109_14",227.35665889106
1981,159,35055.3808434593,"bbs_rtrg_109_14",143.184482995558
1982,162,50936.5993214735,"bbs_rtrg_109_14",208.051673207192
1983,205,66435.292119106,"bbs_rtrg_109_14",271.356428766567
1984,212,52248.2400368398,"bbs_rtrg_109_14",213.409098891549
1985,163,35190.3918931789,"bbs_rtrg_109_14",143.735938631972
1986,153,31515.7548762858,"bbs_rtrg_109_14",128.726801980178
1987,138,32688.020629829,"bbs_rtrg_109_14",133.514947532041
1988,120,41418.472125881,"bbs_rtrg_109_14",169.174670909807
1989,133,37210.6518220196,"bbs_rtrg_109_14",151.987735259698
1990,87,19872.8379727202,"bbs_rtrg_109_14",81.1710488465382
1991,127,34596.2252459237,"bbs_rtrg_109_14",141.309051741759
1992,104,18648.8690943093,"bbs_rtrg_109_14",76.1717207308197
1993,140,30622.5603978119,"bbs_rtrg_109_14",125.078529260339
1994,103,20400.5666172519,"bbs_rtrg_109_14",83.3265682364611
1995,138,45850.1094142135,"bbs_rtrg_109_14",187.27579201265
1996,66,27374.8064500166,"bbs_rtrg_109_14",111.813006001914
1997,105,32462.314113503,"bbs_rtrg_109_14",132.593044244407
1998,85,30773.5242836963,"bbs_rtrg_109_14",125.695144611
1999,865,186172.11546027,"bbs_rtrg_109_2",907.073398787922
2000,675,145272.767384848,"bbs_rtrg_109_2",707.802360935315
2001,1095,239581.131462141,"bbs_rtrg_109_2",1167.29441819764
2002,1043,226352.096491573,"bbs_rtrg_109_2",1102.83951482088
2003,975,209796.946216488,"bbs_rtrg_109_2",1022.17901209017
2004,830,175519.03891631,"bbs_rtrg_109_2",855.169157788201
2005,892,188015.823230522,"bbs_rtrg_109_2",916.056367421004
2006,821,154098.397691216,"bbs_rtrg_109_2",750.802863232078
2007,920,179653.644089077,"bbs_rtrg_109_2",875.313905874857
2008,849,168401.758392097,"bbs_rtrg_109_2",820.492128850409
2009,799,150611.456775964,"bbs_rtrg_109_2",733.813684484495
2010,795,164451.79389349,"bbs_rtrg_109_2",801.246992628021
2011,802,159720.174417269,"bbs_rtrg_109_2",778.193453436852
2012,824,180886.674795372,"bbs_rtrg_109_2",881.321515289425
2013,759,143194.001001751,"bbs_rtrg_109_2",697.674132635711
2016,779,153861.214506571,"bbs_rtrg_109_2",749.647252162722
2017,714,146904.230198316,"bbs_rtrg_109_2",715.751223285347
2018,910,177398.970684876,"bbs_rtrg_109_2",864.328618078944
1989,658,183371.305982609,"bbs_rtrg_109_4",724.324138553832
1990,768,162476.975943106,"bbs_rtrg_109_4",641.790682594491
1993,522,103005.086942461,"bbs_rtrg_109_4",406.874295116468
1995,575,116484.652686405,"bbs_rtrg_109_4",460.11912965175
2000,382,88443.8461863944,"bbs_rtrg_109_4",349.356800160562
2004,356,93433.6184993905,"bbs_rtrg_109_4",369.066604335341
2005,356,87238.4074506573,"bbs_rtrg_109_4",344.595267983195
2006,454,151196.721509908,"bbs_rtrg_109_4",597.233217449048
2007,401,106792.526752836,"bbs_rtrg_109_4",421.834836861397
2008,407,115908.790327542,"bbs_rtrg_109_4",457.844449844166
2009,366,94212.3872819147,"bbs_rtrg_109_4",372.142772793169
2010,474,110290.441192947,"bbs_rtrg_109_4",435.651741583711
2011,346,79140.5726955023,"bbs_rtrg_109_4",312.608490380513
2012,369,86183.8253898151,"bbs_rtrg_109_4",340.429625825276
2013,403,115408.940623114,"bbs_rtrg_109_4",455.870023122241
2015,444,109626.35970028,"bbs_rtrg_109_4",433.028592599044
2016,394,123828.226632304,"bbs_rtrg_109_4",489.126546290719
2017,478,140939.25631955,"bbs_rtrg_109_4",556.715811533552
2018,393,95540.0192750155,"bbs_rtrg_109_4",377.386973321525
1989,662,126905.812903895,"bbs_rtrg_109_45",654.497245075498
1990,731,143957.546716898,"bbs_rtrg_109_45",742.438944111951
1991,612,130434.445424576,"bbs_rtrg_109_45",672.695625518627
1992,612,140292.707399141,"bbs_rtrg_109_45",723.538098025947
1993,653,155104.620733707,"bbs_rtrg_109_45",799.92826684439
1995,626,137802.165425683,"bbs_rtrg_109_45",710.693510192858
1998,346,84347.2833993407,"bbs_rtrg_109_45",435.0081635447
2002,522,96217.7314986124,"bbs_rtrg_109_45",496.228177041391
2003,431,80252.4995821601,"bbs_rtrg_109_45",413.889944716111
2006,702,138001.447102003,"bbs_rtrg_109_45",711.721274840997
2007,902,157620.793550959,"bbs_rtrg_109_45",812.905041819012
2008,860,141224.438613957,"bbs_rtrg_109_45",728.343358709393
2009,848,147732.717445955,"bbs_rtrg_109_45",761.908807511579
2011,798,158443.16864573,"bbs_rtrg_109_45",817.146315103744
2012,673,133341.667423592,"bbs_rtrg_109_45",687.689176606943
2013,1015,187641.814634238,"bbs_rtrg_109_45",967.733848662075
2014,1289,232585.461375106,"bbs_rtrg_109_45",1199.52380613093
2015,1109,203620.666059621,"bbs_rtrg_109_45",1050.14232151354
2016,1001,195967.178365152,"bbs_rtrg_109_45",1010.67063383725
2018,1251,241654.783053365,"bbs_rtrg_109_45",1246.29744019306
1986,802,146040.441165261,"bbs_rtrg_109_7",812.043225326812
1987,832,151139.578975304,"bbs_rtrg_109_7",840.396469678955
1988,804,141114.094135795,"bbs_rtrg_109_7",784.650766779254
1989,779,138466.952591567,"bbs_rtrg_109_7",769.931601729355
1990,992,180855.864646806,"bbs_rtrg_109_7",1005.63089562891
1991,774,137307.598784108,"bbs_rtrg_109_7",763.485131165504
1993,1626,291607.004374045,"bbs_rtrg_109_7",1621.45149980632
1994,1487,264381.522699768,"bbs_rtrg_109_7",1470.06693965673
1995,1429,256769.780354512,"bbs_rtrg_109_7",1427.74260979933
1996,1077,186607.742957677,"bbs_rtrg_109_7",1037.6136380664
1997,1225,220244.931611553,"bbs_rtrg_109_7",1224.64985178552
1998,1202,215439.178510118,"bbs_rtrg_109_7",1197.92794367928
1999,1410,254763.133824558,"bbs_rtrg_109_7",1416.58485303502
2000,1149,205217.25258223,"bbs_rtrg_109_7",1141.08994981057
2001,1134,206454.104189451,"bbs_rtrg_109_7",1147.96733911702
2002,1521,269537.366467234,"bbs_rtrg_109_7",1498.73549179755
2003,1264,226229.951789491,"bbs_rtrg_109_7",1257.92895619085
2004,1493,272380.214101402,"bbs_rtrg_109_7",1514.54286093135
2005,1303,236506.96989911,"bbs_rtrg_109_7",1315.07328461036
2006,1360,259771.454345279,"bbs_rtrg_109_7",1444.43311695881
2007,1188,214063.12166965,"bbs_rtrg_109_7",1190.27651763557
2008,1734,308240.43091219,"bbs_rtrg_109_7",1713.93999974853
2009,1459,260248.811270766,"bbs_rtrg_109_7",1447.08741226435
2010,1153,209561.047222118,"bbs_rtrg_109_7",1165.24318422555
2011,1285,230491.391811104,"bbs_rtrg_109_7",1281.62426601103
2012,1089,199884.964241896,"bbs_rtrg_109_7",1111.44029531961
2013,1237,227272.155737321,"bbs_rtrg_109_7",1263.7240267103
2014,1109,197391.783245762,"bbs_rtrg_109_7",1097.57721245523
2015,982,170857.558130442,"bbs_rtrg_109_7",950.036315069082
2016,1080,195301.613913392,"bbs_rtrg_109_7",1085.95503552538
2017,1019,183467.95504529,"bbs_rtrg_109_7",1020.1551622985
2018,719,125529.491541961,"bbs_rtrg_109_7",697.994147182954
1995,821,158360.366708576,"bbs_rtrg_109_76",675.374254601528
1996,623,124041.086092515,"bbs_rtrg_109_76",529.009611438085
1997,728,158362.837428055,"bbs_rtrg_109_76",675.384791709776
1998,635,141399.85162241,"bbs_rtrg_109_76",603.041160961644
1999,789,195501.826537802,"bbs_rtrg_109_76",833.774909186634
2000,651,159811.866790662,"bbs_rtrg_109_76",681.564602643576
2005,662,146535.337483335,"bbs_rtrg_109_76",624.942947421395
2009,533,113947.927603083,"bbs_rtrg_109_76",485.964375227437
2014,851,206386.887010013,"bbs_rtrg_109_76",880.197443786093
2015,852,234113.781175914,"bbs_rtrg_109_76",998.446920400223
2016,844,207599.161766014,"bbs_rtrg_109_76",885.367545224498
2017,824,224280.36068379,"bbs_rtrg_109_76",956.509413099086
2018,766,175722.935511743,"bbs_rtrg_109_76",749.422024300025
1992,569,118139.092129065,"bbs_rtrg_109_79",576.836339233713
1998,426,86317.4546336422,"bbs_rtrg_109_79",421.46120852568
1999,343,76569.6703769637,"bbs_rtrg_109_79",373.865818338327
2000,501,116345.685628756,"bbs_rtrg_109_79",568.079694656949
2001,415,81719.5266395243,"bbs_rtrg_109_79",399.010960226077
2002,404,95186.8949100035,"bbs_rtrg_109_79",464.767919013
2003,502,118720.225292452,"bbs_rtrg_109_79",579.673831214855
2005,570,128738.353437743,"bbs_rtrg_109_79",628.589226289932
2006,539,109698.074558061,"bbs_rtrg_109_79",535.621483191429
2007,592,117949.237606072,"bbs_rtrg_109_79",575.909338813646
2008,582,140463.700379845,"bbs_rtrg_109_79",685.84043826757
2009,490,93519.7608360083,"bbs_rtrg_109_79",456.627823309501
2011,496,106910.976386208,"bbs_rtrg_109_79",522.012952115364
2014,481,81706.1353270666,"bbs_rtrg_109_79",398.945574624102
2015,459,74966.280108924,"bbs_rtrg_109_79",366.036963757588
2016,546,96368.9450741842,"bbs_rtrg_109_79",470.539501282752
2017,480,90019.2951176318,"bbs_rtrg_109_79",439.536141003398
2018,499,88198.2992469257,"bbs_rtrg_109_79",430.644786136118
1968,906,312722.954118021,"bbs_rtrg_11_11",1194.72888889568
1970,1562,384626.929807138,"bbs_rtrg_11_11",1469.43132391367
1973,990,222472.835459977,"bbs_rtrg_11_11",849.936725202013
1974,838,228769.794026938,"bbs_rtrg_11_11",873.993668298323
1975,1287,360909.685933967,"bbs_rtrg_11_11",1378.82180501802
1976,1624,418701.733100944,"bbs_rtrg_11_11",1599.61093286935
1977,1377,404820.263901965,"bbs_rtrg_11_11",1546.57807405951
1978,1174,357254.882135875,"bbs_rtrg_11_11",1364.85896786991
1979,1458,418256.26171257,"bbs_rtrg_11_11",1597.90905096443
1981,2260,590651.992039456,"bbs_rtrg_11_11",2256.53086503846
1983,4603,1124462.35332549,"bbs_rtrg_11_11",4295.90357951972
1984,1072,318732.486295286,"bbs_rtrg_11_11",1217.6877462689
1985,971,235879.546231815,"bbs_rtrg_11_11",901.155813705948
1986,847,232168.489361697,"bbs_rtrg_11_11",886.978066941025
1987,937,271502.602455767,"bbs_rtrg_11_11",1037.25037862697
1988,1082,314013.518107402,"bbs_rtrg_11_11",1199.65936828895
1989,837,226387.375279925,"bbs_rtrg_11_11",864.891859604646
1990,728,197558.370049787,"bbs_rtrg_11_11",754.753333049377
1991,790,213157.412834606,"bbs_rtrg_11_11",814.348021602712
1992,730,178645.72672718,"bbs_rtrg_11_11",682.499342591194
1993,881,223913.703712302,"bbs_rtrg_11_11",855.44142801796
1995,1057,276929.964921364,"bbs_rtrg_11_11",1057.98511089645
1996,928,214848.68718168,"bbs_rtrg_11_11",820.80937755657
1997,678,174052.015438548,"bbs_rtrg_11_11",664.949496916278
1998,1047,245534.836365144,"bbs_rtrg_11_11",938.042949431213
1999,922,219882.915793463,"bbs_rtrg_11_11",840.042178592121
2000,1005,261906.325636019,"bbs_rtrg_11_11",1000.58869776403
2001,849,202747.975006938,"bbs_rtrg_11_11",774.579734925601
2002,776,224045.365768422,"bbs_rtrg_11_11",855.944430627609
2003,774,168229.467538191,"bbs_rtrg_11_11",642.704995539157
2004,672,147571.725814064,"bbs_rtrg_11_11",563.784019345493
2005,820,205112.741373437,"bbs_rtrg_11_11",783.614104345375
2006,726,175732.909623046,"bbs_rtrg_11_11",671.371196426823
2007,574,137319.008109472,"bbs_rtrg_11_11",524.614467286501
1969,969,148061.716796906,"bbs_rtrg_11_14",959.647450928705
1970,467,61097.4013917619,"bbs_rtrg_11_14",395.996796284598
1971,517,92382.4772053848,"bbs_rtrg_11_14",598.767937307069
1972,488,82541.0353892702,"bbs_rtrg_11_14",534.981600388848
1973,472,66753.2885316318,"bbs_rtrg_11_14",432.654872348661
1974,466,85054.7043627124,"bbs_rtrg_11_14",551.273698542426
1975,572,82746.1977804201,"bbs_rtrg_11_14",536.311340242963
1976,576,78813.5137716062,"bbs_rtrg_11_14",510.822035742036
1977,592,80255.2919585836,"bbs_rtrg_11_14",520.166779217052
1978,505,89975.6691511647,"bbs_rtrg_11_14",583.168447688323
1979,649,111446.904228424,"bbs_rtrg_11_14",722.332145475553
1980,598,78499.4929159869,"bbs_rtrg_11_14",508.786740460091
1981,610,82373.5448545968,"bbs_rtrg_11_14",533.896026966284
1982,655,86847.5876576131,"bbs_rtrg_11_14",562.894095232302
1983,787,102545.745281121,"bbs_rtrg_11_14",664.640159465371
1984,543,78123.0131251994,"bbs_rtrg_11_14",506.346623734637
1985,729,94144.9945942879,"bbs_rtrg_11_14",610.191520364656
1986,632,93054.1618856156,"bbs_rtrg_11_14",603.121395480835
1987,583,98289.0163302018,"bbs_rtrg_11_14",637.050589552121
1988,493,86731.7543550364,"bbs_rtrg_11_14",562.143333077472
1989,657,106608.378177049,"bbs_rtrg_11_14",690.971714893599
1990,475,72684.4667601987,"bbs_rtrg_11_14",471.097220520642
1991,422,71792.3123877304,"bbs_rtrg_11_14",465.314809726714
1994,639,80321.0441161945,"bbs_rtrg_11_14",520.59294535783
1996,553,75162.5432296958,"bbs_rtrg_11_14",487.158629361533
2000,553,77063.3484282776,"bbs_rtrg_11_14",499.478511252631
2002,558,76097.1621429444,"bbs_rtrg_11_14",493.216269898817
2003,385,63128.5359292318,"bbs_rtrg_11_14",409.161394963742
2004,496,68381.0914651512,"bbs_rtrg_11_14",443.205316917049
2005,644,111476.577613782,"bbs_rtrg_11_14",722.524470603448
2006,501,87006.2936446259,"bbs_rtrg_11_14",563.922732473439
2007,380,63880.1375475552,"bbs_rtrg_11_14",414.03282690943
2009,630,78998.2491527083,"bbs_rtrg_11_14",512.019379940159
2010,409,78995.6303776143,"bbs_rtrg_11_14",512.002406607026
2011,592,95780.0907573817,"bbs_rtrg_11_14",620.789235283014
2012,607,91131.1705885342,"bbs_rtrg_11_14",590.657716575007
2013,515,100406.447236082,"bbs_rtrg_11_14",650.774509653174
2014,463,80188.3574537477,"bbs_rtrg_11_14",519.732949809055
2015,526,83895.123069928,"bbs_rtrg_11_14",543.757986474252
2016,781,128971.041799917,"bbs_rtrg_11_14",835.913119099373
2017,506,93081.1675542078,"bbs_rtrg_11_14",603.296430064965
2018,538,96921.2945072988,"bbs_rtrg_11_14",628.185835115099
1967,783,179202.100977719,"bbs_rtrg_11_2",777.872853761255
1968,656,129913.441762256,"bbs_rtrg_11_2",563.922739377467
1969,705,150357.157078346,"bbs_rtrg_11_2",652.663948814442
1970,950,209675.559466828,"bbs_rtrg_11_2",910.150745535781
1971,805,176530.390718924,"bbs_rtrg_11_2",766.275607567749
1972,614,138141.347232268,"bbs_rtrg_11_2",599.638081293198
1973,619,137328.963849675,"bbs_rtrg_11_2",596.111722077997
1974,599,136063.29991425,"bbs_rtrg_11_2",590.617781928966
1976,682,169729.813041925,"bbs_rtrg_11_2",736.755949394266
1977,847,195869.315771437,"bbs_rtrg_11_2",850.221190444279
1978,861,206843.629634093,"bbs_rtrg_11_2",897.858025034058
1979,1194,308573.61786575,"bbs_rtrg_11_2",1339.44322870696
1980,833,193433.655302537,"bbs_rtrg_11_2",839.648579133367
1983,923,218814.241346235,"bbs_rtrg_11_2",949.819546930219
1982,465,54283.3694608655,"bbs_rtrg_11_3",585.823998930676
1983,671,57510.2607099803,"bbs_rtrg_11_3",620.648483012006
1986,472,54886.432272826,"bbs_rtrg_11_3",592.332229197476
1987,602,53834.518328,"bbs_rtrg_11_3",580.980015069848
1991,520,45432.6696826177,"bbs_rtrg_11_3",490.307593281503
1992,596,58829.1139854291,"bbs_rtrg_11_3",634.881495949481
1995,433,37302.608185104,"bbs_rtrg_11_3",402.568287757011
1996,509,45136.4852779523,"bbs_rtrg_11_3",487.111182777047
1997,445,42705.6170969306,"bbs_rtrg_11_3",460.877348495516
1999,461,44979.1599462897,"bbs_rtrg_11_3",485.413333954413
2000,552,53398.9470149407,"bbs_rtrg_11_3",576.279346504684
2001,461,43071.5622387836,"bbs_rtrg_11_3",464.826614145728
2002,435,37474.1845948719,"bbs_rtrg_11_3",404.419933656863
2003,580,50014.0626044878,"bbs_rtrg_11_3",539.749806408998
2004,535,47122.1993355873,"bbs_rtrg_11_3",508.540931179368
2005,812,73975.5606594734,"bbs_rtrg_11_3",798.34135572432
2006,556,55068.6044566074,"bbs_rtrg_11_3",594.298224275834
2007,705,64894.5951990168,"bbs_rtrg_11_3",700.33993184382
2008,560,47300.0830224547,"bbs_rtrg_11_3",510.460644966854
2009,393,32831.3012691906,"bbs_rtrg_11_3",354.314118497765
2010,478,40578.1902351674,"bbs_rtrg_11_3",437.918241056742
2011,451,44595.9441769422,"bbs_rtrg_11_3",481.277684368138
2012,485,44932.4265464222,"bbs_rtrg_11_3",484.908988931879
2013,345,35173.6008365218,"bbs_rtrg_11_3",379.592123766336
2014,336,28592.2075119885,"bbs_rtrg_11_3",308.565984560049
2015,585,51134.8037101116,"bbs_rtrg_11_3",551.844800562517
2016,265,28844.1784929387,"bbs_rtrg_11_3",311.28524552599
2017,491,42659.3526554512,"bbs_rtrg_11_3",460.378064453554
2018,350,31571.0921635194,"bbs_rtrg_11_3",340.713991145586
1972,456,121996.099218004,"bbs_rtrg_11_4",513.726021894023
1973,706,177978.831236553,"bbs_rtrg_11_4",749.469512046569
1974,330,68847.7319648691,"bbs_rtrg_11_4",289.918052179151
1975,364,85732.2685023263,"bbs_rtrg_11_4",361.018897554641
1976,393,86606.9328985272,"bbs_rtrg_11_4",364.702112539652
1977,338,74408.8177602112,"bbs_rtrg_11_4",313.335804888993
1978,445,109146.814743061,"bbs_rtrg_11_4",459.617637775106
1979,360,79727.1713670984,"bbs_rtrg_11_4",335.731411461704
1980,458,112209.989064354,"bbs_rtrg_11_4",472.516676092993
1981,346,77743.9822372662,"bbs_rtrg_11_4",327.380194751803
1992,457,96623.7714177744,"bbs_rtrg_11_4",406.883056335667
1993,385,87690.0329587022,"bbs_rtrg_11_4",369.263050871234
1994,362,94238.0597599365,"bbs_rtrg_11_4",396.836815781884
1995,293,75397.4724039774,"bbs_rtrg_11_4",317.499033225183
1997,370,77375.7731043194,"bbs_rtrg_11_4",325.829664740546
1999,445,94042.6641945541,"bbs_rtrg_11_4",396.014004338378
2000,432,98328.8252819866,"bbs_rtrg_11_4",414.063044420462
2016,585,128419.72552587,"bbs_rtrg_11_4",540.775935870179
2017,828,234738.726040874,"bbs_rtrg_11_4",988.485637544489
2018,752,180938.677536571,"bbs_rtrg_11_4",761.933435687345
1989,625,56318.8117686027,"bbs_rtrg_11_43",628.620857614032
1990,624,52036.4208514842,"bbs_rtrg_11_43",580.821549240514
1991,642,58164.4286630526,"bbs_rtrg_11_43",649.221314878346
1992,733,64463.6457643474,"bbs_rtrg_11_43",719.532089061271
1998,465,42750.4597962186,"bbs_rtrg_11_43",477.173254487501
1999,619,58898.1263235988,"bbs_rtrg_11_43",657.410721545819
2000,605,48448.2833932607,"bbs_rtrg_11_43",540.77137816281
2001,692,55909.4581025276,"bbs_rtrg_11_43",624.051722638442
2002,790,70315.922677887,"bbs_rtrg_11_43",784.854194000193
2003,763,70203.501845014,"bbs_rtrg_11_43",783.599372064946
2004,753,65363.4242287492,"bbs_rtrg_11_43",729.575260999608
2007,526,48218.5710891302,"bbs_rtrg_11_43",538.207369067229
2008,677,62283.38648965,"bbs_rtrg_11_43",695.196411300305
2009,610,54448.5958182788,"bbs_rtrg_11_43",607.745829933291
2011,502,43179.0708029939,"bbs_rtrg_11_43",481.957336576607
2012,624,58607.4814090981,"bbs_rtrg_11_43",654.166593168869
2013,563,52192.6843442812,"bbs_rtrg_11_43",582.565735379586
2014,568,56694.0883274857,"bbs_rtrg_11_43",632.809629800078
2017,563,51579.3120854437,"bbs_rtrg_11_43",575.719380080555
1969,720,194653.192279211,"bbs_rtrg_11_45",1013.0852961561
1970,640,158630.896904293,"bbs_rtrg_11_45",825.604899092924
1971,726,156369.8539382,"bbs_rtrg_11_45",813.837152794473
1972,764,163089.653179284,"bbs_rtrg_11_45",848.810788338541
1973,653,140498.53717553,"bbs_rtrg_11_45",731.233844548524
1974,574,105008.379455391,"bbs_rtrg_11_45",546.522992784223
1975,602,121571.816946948,"bbs_rtrg_11_45",632.72848872301
1976,667,137535.451005085,"bbs_rtrg_11_45",715.812268383389
1977,550,103419.864668031,"bbs_rtrg_11_45",538.255463467301
1979,515,93519.4538817326,"bbs_rtrg_11_45",486.728126689195
1980,476,85245.2033870771,"bbs_rtrg_11_45",443.664247722217
1986,835,164838.924221626,"bbs_rtrg_11_45",857.91498411996
1987,752,123321.522307722,"bbs_rtrg_11_45",641.834944943173
1991,747,149706.895971498,"bbs_rtrg_11_45",779.159351388116
1992,704,153910.026486154,"bbs_rtrg_11_45",801.034819611184
1993,912,185932.529400059,"bbs_rtrg_11_45",967.698034677591
1994,781,151468.290520471,"bbs_rtrg_11_45",788.32664475433
1995,780,150669.981985229,"bbs_rtrg_11_45",784.171795664113
1996,781,133999.192942299,"bbs_rtrg_11_45",697.407581540733
1997,809,157980.855223111,"bbs_rtrg_11_45",822.22171456159
1998,782,144748.906711943,"bbs_rtrg_11_45",753.355171356222
1999,751,135072.2248401,"bbs_rtrg_11_45",702.99224637587
2000,951,179937.09618982,"bbs_rtrg_11_45",936.494409613653
2001,873,180765.314996857,"bbs_rtrg_11_45",940.804928673654
2002,772,141432.032535928,"bbs_rtrg_11_45",736.092282329975
2005,602,109867.079774299,"bbs_rtrg_11_45",571.810417017441
2007,583,108165.07672923,"bbs_rtrg_11_45",562.952230625618
2010,925,161395.244817621,"bbs_rtrg_11_45",839.99212897424
2012,1285,228792.51721,"bbs_rtrg_11_45",1190.76565013903
2013,781,135813.569634549,"bbs_rtrg_11_45",706.85062394391
2014,1142,204513.736088957,"bbs_rtrg_11_45",1064.40514264199
2015,1171,211227.501264183,"bbs_rtrg_11_45",1099.34737349485
2016,1220,221424.843141191,"bbs_rtrg_11_45",1152.42010759445
2017,1325,241515.017170316,"bbs_rtrg_11_45",1256.98073497389
2018,1620,291990.388352658,"bbs_rtrg_11_45",1519.68311228452
1981,657,95262.6860391474,"bbs_rtrg_11_57",601.289540418293
1982,471,73731.00892952,"bbs_rtrg_11_57",465.383523361807
1983,595,78673.9829535628,"bbs_rtrg_11_57",496.58313259805
1984,621,98535.1482814199,"bbs_rtrg_11_57",621.945028936469
2002,413,75301.0711792244,"bbs_rtrg_11_57",475.293615631985
2003,435,66765.8981852507,"bbs_rtrg_11_57",421.420368295372
2011,105,39780.9013667798,"bbs_rtrg_11_57",251.093485758178
2015,428,71569.4617498129,"bbs_rtrg_11_57",451.740031200098
2016,387,55367.8387001056,"bbs_rtrg_11_57",349.476837890751
2017,369,51253.2537372428,"bbs_rtrg_11_57",323.50594619959
2018,450,74980.2291855021,"bbs_rtrg_11_57",473.268489709408
1988,413,70424.7893718763,"bbs_rtrg_11_6",398.304832831365
1989,555,85094.2674359708,"bbs_rtrg_11_6",481.271698052489
1990,254,57930.7834220413,"bbs_rtrg_11_6",327.641888779587
1991,387,85990.3310304249,"bbs_rtrg_11_6",486.339607568138
1992,500,108883.168224974,"bbs_rtrg_11_6",615.81571638064
1995,664,133185.71388502,"bbs_rtrg_11_6",753.26478045078
1996,329,91214.9742315485,"bbs_rtrg_11_6",515.888870766333
2005,784,99377.8685800748,"bbs_rtrg_11_6",562.056140812984
2006,683,94801.7848984229,"bbs_rtrg_11_6",536.174966554611
2007,575,78091.0046607576,"bbs_rtrg_11_6",441.663011482965
2010,423,82241.4956983968,"bbs_rtrg_11_6",465.137141170247
2014,428,72747.4729972164,"bbs_rtrg_11_6",411.441345149862
1968,453,54427.5730523528,"bbs_rtrg_11_65",353.079138268896
1971,503,93684.7748143798,"bbs_rtrg_11_65",607.745995371859
1972,427,81557.8991111122,"bbs_rtrg_11_65",529.077287893662
1973,460,70810.8807567832,"bbs_rtrg_11_65",459.359904466395
1974,561,84967.1940093252,"bbs_rtrg_11_65",551.193851930199
1975,442,59446.5917397584,"bbs_rtrg_11_65",385.638201510611
1976,465,62758.236715296,"bbs_rtrg_11_65",407.121297093261
1977,422,47949.7475615664,"bbs_rtrg_11_65",311.056595027014
1978,453,56240.6710878879,"bbs_rtrg_11_65",364.840954129544
1979,447,54351.0743938956,"bbs_rtrg_11_65",352.582880969662
1980,449,69039.0362464248,"bbs_rtrg_11_65",447.865705886899
1981,438,70228.1274589747,"bbs_rtrg_11_65",455.579503822485
1982,358,66880.3291446814,"bbs_rtrg_11_65",433.861876568156
1983,458,73096.7375683752,"bbs_rtrg_11_65",474.18857140818
1984,355,48311.1358752807,"bbs_rtrg_11_65",313.400970629872
1985,378,67447.3816325527,"bbs_rtrg_11_65",437.540423902579
1986,331,73839.5274993098,"bbs_rtrg_11_65",479.007151661187
1987,289,59261.1599346795,"bbs_rtrg_11_65",384.435279934778
1988,238,57372.9234296646,"bbs_rtrg_11_65",372.186030507521
1989,245,64116.8799199507,"bbs_rtrg_11_65",415.935002077919
1990,622,87760.1217923714,"bbs_rtrg_11_65",569.311957875078
1991,603,81937.9939848834,"bbs_rtrg_11_65",531.543015519667
1992,637,85785.7533727821,"bbs_rtrg_11_65",556.503958893691
1993,510,69102.4228680235,"bbs_rtrg_11_65",448.276903602996
1994,584,79658.7966603921,"bbs_rtrg_11_65",516.757549584926
1995,596,76232.4863886765,"bbs_rtrg_11_65",494.53060448459
1996,621,92489.4285968785,"bbs_rtrg_11_65",599.991620360458
1997,629,99686.4602556356,"bbs_rtrg_11_65",646.679752747395
1998,661,100659.854501376,"bbs_rtrg_11_65",652.994294848166
1999,696,102535.586386626,"bbs_rtrg_11_65",665.162425090364
2000,576,92787.2984403566,"bbs_rtrg_11_65",601.923942927007
2001,576,85600.4492680866,"bbs_rtrg_11_65",555.301865727776
2002,549,81785.3682843148,"bbs_rtrg_11_65",530.552911647451
2003,594,95360.5634792151,"bbs_rtrg_11_65",618.617066494794
2004,633,105356.050500884,"bbs_rtrg_11_65",683.459162996028
2005,478,86072.6134597288,"bbs_rtrg_11_65",558.364859658189
2006,341,58526.6158153726,"bbs_rtrg_11_65",379.670191393793
2007,365,65870.8197750973,"bbs_rtrg_11_65",427.313050701085
2008,388,72430.7851654826,"bbs_rtrg_11_65",469.868446747923
2009,447,64030.8846170778,"bbs_rtrg_11_65",415.377138742651
2010,421,60310.5694914416,"bbs_rtrg_11_65",391.242943793615
2012,693,95243.8173082255,"bbs_rtrg_11_65",617.859718056539
2015,621,87940.6571404236,"bbs_rtrg_11_65",570.483115461988
2016,550,81009.0578956086,"bbs_rtrg_11_65",525.516879583153
1968,773,152440.413424413,"bbs_rtrg_11_68",716.717169414249
1969,696,151644.029914566,"bbs_rtrg_11_68",712.972875351253
1970,767,158883.988007635,"bbs_rtrg_11_68",747.01242007943
1971,719,137201.63460118,"bbs_rtrg_11_68",645.070194847803
1972,1897,371493.11957245,"bbs_rtrg_11_68",1746.62014577163
1973,660,142452.544862114,"bbs_rtrg_11_68",669.757988947307
1974,737,152949.086397343,"bbs_rtrg_11_68",719.108757347699
1975,750,152462.036432892,"bbs_rtrg_11_68",716.818832622077
1976,694,155663.92183794,"bbs_rtrg_11_68",731.872886811144
1977,633,122485.016967222,"bbs_rtrg_11_68",575.878224706682
1978,633,132551.027825191,"bbs_rtrg_11_68",623.204800693659
1979,854,202923.966933691,"bbs_rtrg_11_68",954.071744623947
1980,652,144677.139456762,"bbs_rtrg_11_68",680.217191367149
1982,597,135291.135418429,"bbs_rtrg_11_68",636.087750260638
1983,656,141586.252296096,"bbs_rtrg_11_68",665.685008942504
1984,668,132572.531623066,"bbs_rtrg_11_68",623.305903418313
1985,578,104500.044537305,"bbs_rtrg_11_68",491.319686439829
1986,559,101617.959992491,"bbs_rtrg_11_68",477.769214943658
1988,1235,271269.179206548,"bbs_rtrg_11_68",1275.40508387986
1989,839,194062.026913213,"bbs_rtrg_11_68",912.406254323078
1990,757,171205.003012205,"bbs_rtrg_11_68",804.941172698334
1991,810,185554.469812249,"bbs_rtrg_11_68",872.406938478551
1992,670,145005.072152071,"bbs_rtrg_11_68",681.759006873024
1993,726,158801.187369265,"bbs_rtrg_11_68",746.623122793856
1994,887,176197.85007069,"bbs_rtrg_11_68",828.415651222036
1995,883,188955.0937565,"bbs_rtrg_11_68",888.395386114023
1996,785,173356.017770034,"bbs_rtrg_11_68",815.054430554093
1997,784,163967.892184796,"bbs_rtrg_11_68",770.915014736422
1998,776,168528.177314201,"bbs_rtrg_11_68",792.355750668891
1999,891,201418.947819313,"bbs_rtrg_11_68",946.995713961604
2000,983,220034.021852952,"bbs_rtrg_11_68",1034.51675165836
2001,845,167128.077124867,"bbs_rtrg_11_68",785.773009110708
2002,826,166002.549383966,"bbs_rtrg_11_68",780.481203358975
2003,839,181866.711168456,"bbs_rtrg_11_68",855.068492083085
2006,975,202554.600128251,"bbs_rtrg_11_68",952.335121603033
2007,860,188387.680981783,"bbs_rtrg_11_68",885.72762584856
2008,834,159416.094472427,"bbs_rtrg_11_68",749.514183428831
2009,709,148995.155070631,"bbs_rtrg_11_68",700.51886766635
2010,716,141926.907172218,"bbs_rtrg_11_68",667.28663933091
2011,766,153958.519127574,"bbs_rtrg_11_68",723.854728267571
2012,719,123040.821909721,"bbs_rtrg_11_68",578.491409335256
2013,735,170169.74576891,"bbs_rtrg_11_68",800.073784685129
2014,698,174797.27717079,"bbs_rtrg_11_68",821.830687157553
2015,759,157933.444723147,"bbs_rtrg_11_68",742.543325060862
2016,667,134205.219197092,"bbs_rtrg_11_68",630.982182892416
2017,717,206592.02152088,"bbs_rtrg_11_68",971.317549997538
2018,681,158566.585944262,"bbs_rtrg_11_68",745.520115622125
1967,393,65349.5106889139,"bbs_rtrg_11_7",310.009508853562
1968,396,65596.4662812448,"bbs_rtrg_11_7",311.181033798126
1969,430,70230.3070042623,"bbs_rtrg_11_7",333.163366511935
1970,465,69421.0942881055,"bbs_rtrg_11_7",329.324567505649
1971,503,94996.734637964,"bbs_rtrg_11_7",450.652051367285
1972,585,110637.316749808,"bbs_rtrg_11_7",524.848921819126
1973,572,136417.945410218,"bbs_rtrg_11_7",647.148843344103
1977,427,89669.2298752284,"bbs_rtrg_11_7",425.379067415305
1978,508,111672.602535476,"bbs_rtrg_11_7",529.760181820228
1979,448,90970.5074152754,"bbs_rtrg_11_7",431.552157417348
1980,715,154015.786254794,"bbs_rtrg_11_7",730.630692551516
1981,476,103379.203097034,"bbs_rtrg_11_7",490.417382470487
1982,556,107060.120690613,"bbs_rtrg_11_7",507.879172823405
1983,655,133806.463681833,"bbs_rtrg_11_7",634.760316491155
1984,513,116893.447209767,"bbs_rtrg_11_7",554.527184299901
1985,493,109702.439355236,"bbs_rtrg_11_7",520.413986057951
1986,636,160938.853304888,"bbs_rtrg_11_7",763.472814754641
1987,671,158056.260331044,"bbs_rtrg_11_7",749.798171706432
1988,657,149886.364927737,"bbs_rtrg_11_7",711.041259303202
1989,625,137341.022794293,"bbs_rtrg_11_7",651.52780140292
1990,620,153501.097507133,"bbs_rtrg_11_7",728.189076628264
1991,417,89657.2932556675,"bbs_rtrg_11_7",425.322441657461
1974,924,193052.13487884,"bbs_rtrg_11_76",845.550579330629
1978,674,134364.933665456,"bbs_rtrg_11_76",588.506040473739
1979,804,173182.453634671,"bbs_rtrg_11_76",758.52320458719
1981,934,201478.416548579,"bbs_rtrg_11_76",882.456917361661
1982,814,169535.684862934,"bbs_rtrg_11_76",742.550693070741
1984,1026,247797.709818386,"bbs_rtrg_11_76",1085.33115795502
1994,885,198326.539136349,"bbs_rtrg_11_76",868.651984442569
1997,811,172923.577857221,"bbs_rtrg_11_76",757.389352512801
1998,605,146728.150664369,"bbs_rtrg_11_76",642.655792831469
2003,527,93262.7924976893,"bbs_rtrg_11_76",408.482445821722
2004,588,119925.535491378,"bbs_rtrg_11_76",525.262805691902
2005,477,92592.6117892437,"bbs_rtrg_11_76",405.5471160123
2006,489,93070.5572381996,"bbs_rtrg_11_76",407.640473081398
2007,592,126789.764683584,"bbs_rtrg_11_76",555.327497666275
2012,669,175015.019570715,"bbs_rtrg_11_76",766.549674689973
2016,672,200853.456642122,"bbs_rtrg_11_76",879.719650502141
2018,876,284675.986267669,"bbs_rtrg_11_76",1246.85461396848
1988,194,24531.8896485659,"bbs_rtrg_11_93",184.874959845736
1989,254,33137.9200245276,"bbs_rtrg_11_93",249.730930705694
1990,213,31596.3361738621,"bbs_rtrg_11_93",238.113388943791
1991,253,42604.0519517262,"bbs_rtrg_11_93",321.068719396489
1993,267,31252.1907632654,"bbs_rtrg_11_93",235.519872101974
1994,380,51760.1565410986,"bbs_rtrg_11_93",390.070108712723
1995,222,28040.2706984723,"bbs_rtrg_11_93",211.314496914292
1999,217,26660.2056316825,"bbs_rtrg_11_93",200.914178085931
2007,375,45745.817692224,"bbs_rtrg_11_93",344.745404048182
2014,295,47984.8739307283,"bbs_rtrg_11_93",361.61917276783
2015,205,24970.5815394374,"bbs_rtrg_11_93",188.180989135422
2016,252,30736.382216363,"bbs_rtrg_11_93",231.632683395243
2017,347,41960.0028335251,"bbs_rtrg_11_93",316.215095946692
1971,1111,170903.702614199,"bbs_rtrg_110_14",1044.60006812399
1973,931,143330.867042106,"bbs_rtrg_110_14",876.068986138015
1974,1356,212626.010999797,"bbs_rtrg_110_14",1299.61576126126
1975,1092,178113.188264432,"bbs_rtrg_110_14",1088.66598996287
1976,1283,192382.451989974,"bbs_rtrg_110_14",1175.8827888489
1977,1207,182611.078986153,"bbs_rtrg_110_14",1116.15806229632
1978,524,75473.6354242541,"bbs_rtrg_110_14",461.311039490556
1980,742,116473.745950446,"bbs_rtrg_110_14",711.912504488851
1981,586,90089.492893119,"bbs_rtrg_110_14",550.646293637345
1982,714,125303.204536951,"bbs_rtrg_110_14",765.880048198434
1983,587,97819.8950145435,"bbs_rtrg_110_14",597.896168620422
1984,991,166812.889684579,"bbs_rtrg_110_14",1019.5961425238
1985,707,109644.473213123,"bbs_rtrg_110_14",670.170525482407
1986,714,122960.601605599,"bbs_rtrg_110_14",751.561556882874
1987,729,129707.676087506,"bbs_rtrg_110_14",792.801122530838
1988,509,76429.3246461407,"bbs_rtrg_110_14",467.152416892084
1989,525,93343.2126576544,"bbs_rtrg_110_14",570.533726359401
1990,669,106600.701431149,"bbs_rtrg_110_14",651.566339837691
1991,558,87378.2630273364,"bbs_rtrg_110_14",534.07467547358
1992,511,82291.2164390487,"bbs_rtrg_110_14",502.981556182472
1993,844,158083.222169185,"bbs_rtrg_110_14",966.23854323371
1994,782,145670.169068802,"bbs_rtrg_110_14",890.367301616677
1995,717,115588.561739393,"bbs_rtrg_110_14",706.502068828158
1996,724,125152.64094483,"bbs_rtrg_110_14",764.959771246083
1997,646,127917.067968532,"bbs_rtrg_110_14",781.856541843278
1980,471,133040.063543686,"bbs_rtrg_110_4",472.060080445284
1989,758,222911.466650386,"bbs_rtrg_110_4",790.946742479599
1990,1310,412280.527728143,"bbs_rtrg_110_4",1462.87647420932
1991,978,287527.090251951,"bbs_rtrg_110_4",1020.21945675007
1992,738,217744.663405714,"bbs_rtrg_110_4",772.613606653006
1993,871,214314.993664851,"bbs_rtrg_110_4",760.44426359462
1994,689,219245.092855084,"bbs_rtrg_110_4",777.937513059135
1995,811,212562.055211538,"bbs_rtrg_110_4",754.224390834151
1996,832,214836.616856247,"bbs_rtrg_110_4",762.295115729938
1997,703,179673.661493669,"bbs_rtrg_110_4",637.52798096604
1998,758,189977.213911839,"bbs_rtrg_110_4",674.087613108704
1999,1001,312471.849380585,"bbs_rtrg_110_4",1108.72982488504
2010,458,117033.370426364,"bbs_rtrg_110_4",415.264250382072
2011,453,118867.634419839,"bbs_rtrg_110_4",421.772686903026
1970,444,60380.748102191,"bbs_rtrg_111_14",442.681553487201
1971,649,93209.6037354474,"bbs_rtrg_111_14",683.366362266668
1972,941,148726.905454753,"bbs_rtrg_111_14",1090.3915506417
1973,640,78007.0862221339,"bbs_rtrg_111_14",571.909080248232
1975,764,99515.3872436997,"bbs_rtrg_111_14",729.597224372959
1976,974,116539.802886715,"bbs_rtrg_111_14",854.41175550972
1977,1129,153015.232163721,"bbs_rtrg_111_14",1121.83142492371
1978,777,100645.298720385,"bbs_rtrg_111_14",737.881172212681
1979,1447,169691.660219143,"bbs_rtrg_111_14",1244.09468449276
1980,980,120037.862462255,"bbs_rtrg_111_14",880.057785010217
1981,1112,140759.039390679,"bbs_rtrg_111_14",1031.97512755842
1982,1445,190529.30443199,"bbs_rtrg_111_14",1396.86590712725
1984,866,105177.398143239,"bbs_rtrg_111_14",771.10826654533
1985,1113,166141.028400942,"bbs_rtrg_111_14",1218.0632215092
1986,1223,160220.666034096,"bbs_rtrg_111_14",1174.65807513163
1987,1241,168010.659637975,"bbs_rtrg_111_14",1231.77042598201
1988,805,111750.14283292,"bbs_rtrg_111_14",819.296354989989
1989,920,123633.895717274,"bbs_rtrg_111_14",906.422108702084
1990,921,125647.858945599,"bbs_rtrg_111_14",921.187483405161
1991,970,128368.159714553,"bbs_rtrg_111_14",941.131372942854
1992,762,98449.1232997521,"bbs_rtrg_111_14",721.779908523622
1993,873,116638.937843277,"bbs_rtrg_111_14",855.138563605931
1994,1146,192040.541636269,"bbs_rtrg_111_14",1407.94554516263
1995,856,133235.491980494,"bbs_rtrg_111_14",976.816227412996
1996,1098,156635.396245261,"bbs_rtrg_111_14",1148.3726638097
1997,1093,143247.769241074,"bbs_rtrg_111_14",1050.22125452788
2012,861,160396.974524904,"bbs_rtrg_111_14",1175.95068112041
2013,600,85777.522079357,"bbs_rtrg_111_14",628.878043447006
2014,560,69242.4697753078,"bbs_rtrg_111_14",507.651280430419
2015,655,85456.3273985934,"bbs_rtrg_111_14",626.52320411955
2016,797,110703.007522814,"bbs_rtrg_111_14",811.619280750952
2018,621,82302.7041384876,"bbs_rtrg_111_14",603.402410029118
1984,805,173513.468960229,"bbs_rtrg_111_2",781.11040138544
1986,810,189779.047594838,"bbs_rtrg_111_2",854.333608391686
1987,812,189633.14962894,"bbs_rtrg_111_2",853.67681546727
1988,754,175379.596929673,"bbs_rtrg_111_2",789.511201484616
1989,908,214187.145559034,"bbs_rtrg_111_2",964.212220767523
1991,601,147385.678057348,"bbs_rtrg_111_2",663.490199554645
1993,615,146665.948073902,"bbs_rtrg_111_2",660.250171102516
1994,648,140077.277639228,"bbs_rtrg_111_2",630.589770450828
1995,684,157988.584636138,"bbs_rtrg_111_2",711.22159852465
1996,633,146951.219006015,"bbs_rtrg_111_2",661.534383179085
1998,631,133804.061436,"bbs_rtrg_111_2",602.349458872454
2000,786,161491.516523704,"bbs_rtrg_111_2",726.990844273234
2001,674,132924.867945894,"bbs_rtrg_111_2",598.39156912437
2002,721,135075.494666101,"bbs_rtrg_111_2",608.073105149888
2003,914,205844.53515863,"bbs_rtrg_111_2",926.656059868249
2004,1019,215008.661733507,"bbs_rtrg_111_2",967.910462942223
2005,810,165312.017548828,"bbs_rtrg_111_2",744.1896998267
2006,994,209207.15320692,"bbs_rtrg_111_2",941.793650910288
2007,963,223710.46303842,"bbs_rtrg_111_2",1007.08360351044
2008,1256,259849.678000553,"bbs_rtrg_111_2",1169.7725110286
2009,1116,260853.843528982,"bbs_rtrg_111_2",1174.29299087186
2010,1113,215331.367652578,"bbs_rtrg_111_2",969.363197139089
2011,1104,252065.148209747,"bbs_rtrg_111_2",1134.72867710648
2012,1143,267852.624566543,"bbs_rtrg_111_2",1205.79959781262
2013,928,224659.629053795,"bbs_rtrg_111_2",1011.35649051854
2014,943,226084.783367976,"bbs_rtrg_111_2",1017.77214726874
2015,819,191311.633230373,"bbs_rtrg_111_2",861.232891704408
2016,777,175025.092292936,"bbs_rtrg_111_2",787.915318117441
2017,660,129067.631032238,"bbs_rtrg_111_2",581.027338601407
2018,652,152468.130099737,"bbs_rtrg_111_2",686.370015044718
2005,690,176067.279362087,"bbs_rtrg_111_4",683.98562679523
2006,601,144670.654836434,"bbs_rtrg_111_4",562.016116144305
2007,590,137705.525974701,"bbs_rtrg_111_4",534.958004907154
2008,706,148427.481559021,"bbs_rtrg_111_4",576.610625072483
2009,589,130716.245497913,"bbs_rtrg_111_4",507.80606954992
2011,477,119467.8182924,"bbs_rtrg_111_4",464.108214045487
2012,490,125127.743711498,"bbs_rtrg_111_4",486.095874952284
2014,405,99802.7736164606,"bbs_rtrg_111_4",387.713508809159
2015,456,122895.026546004,"bbs_rtrg_111_4",477.422222156432
2016,493,143473.006733665,"bbs_rtrg_111_4",557.363496468347
2017,494,169745.123107343,"bbs_rtrg_111_4",659.425333569448
2018,504,153803.38223534,"bbs_rtrg_111_4",597.494907529752
1995,1250,215054.886022385,"bbs_rtrg_111_45",1064.70279765745
1996,1170,262920.366665491,"bbs_rtrg_111_45",1301.6772375064
1997,1141,216778.208909592,"bbs_rtrg_111_45",1073.23469727254
1998,1093,211110.773177504,"bbs_rtrg_111_45",1045.17611747878
1999,1233,235849.125919952,"bbs_rtrg_111_45",1167.65179734582
2000,1287,246738.14537492,"bbs_rtrg_111_45",1221.5616140065
2001,1217,259714.57580299,"bbs_rtrg_111_45",1285.80587292994
2002,1172,235188.957725048,"bbs_rtrg_111_45",1164.38340881004
2003,1060,205425.821217168,"bbs_rtrg_111_45",1017.03081760361
2004,1218,254310.171585482,"bbs_rtrg_111_45",1259.04952064947
2005,1047,195522.770228393,"bbs_rtrg_111_45",968.0023751994
2006,1550,309038.73217066,"bbs_rtrg_111_45",1530.00198606213
2007,1127,240888.965093231,"bbs_rtrg_111_45",1192.60324563319
2008,1266,305126.176102316,"bbs_rtrg_111_45",1510.63153850334
2009,1266,300268.542379771,"bbs_rtrg_111_45",1486.58216064428
2010,1230,284040.166421763,"bbs_rtrg_111_45",1406.2380326707
2011,1251,253077.866272381,"bbs_rtrg_111_45",1252.94857154436
2012,1394,272199.475733851,"bbs_rtrg_111_45",1347.61664194208
2016,1001,167543.850827783,"bbs_rtrg_111_45",829.483161280398
2017,902,160283.739343829,"bbs_rtrg_111_45",793.539495218022
2018,1005,194326.314158979,"bbs_rtrg_111_45",962.078910041548
1992,339,60814.7215063909,"bbs_rtrg_111_7",299.906349627358
1993,461,96021.494666962,"bbs_rtrg_111_7",473.527712336973
1994,389,81767.6641819827,"bbs_rtrg_111_7",403.235287031563
1995,477,110083.865199962,"bbs_rtrg_111_7",542.875957452527
1996,396,85652.9391960703,"bbs_rtrg_111_7",422.3954281604
1997,435,100833.886956956,"bbs_rtrg_111_7",497.259910214674
1998,439,100777.262406351,"bbs_rtrg_111_7",496.980667592979
1999,434,107852.775198166,"bbs_rtrg_111_7",531.873390285327
2000,447,96732.3724964612,"bbs_rtrg_111_7",477.033389409814
2002,493,129971.417702308,"bbs_rtrg_111_7",640.950948610289
2003,508,123737.940604651,"bbs_rtrg_111_7",610.210704874279
2004,460,102722.546192016,"bbs_rtrg_111_7",506.573788217342
2005,556,113294.63047182,"bbs_rtrg_111_7",558.709769864084
2006,662,144607.726992258,"bbs_rtrg_111_7",713.129559026263
2007,597,119669.415572061,"bbs_rtrg_111_7",590.14687064685
2008,632,116037.650500931,"bbs_rtrg_111_7",572.236907759452
2009,593,102375.189604241,"bbs_rtrg_111_7",504.860807483761
2010,552,92706.3116653789,"bbs_rtrg_111_7",457.17896638001
2011,551,93248.8900911943,"bbs_rtrg_111_7",459.854678954896
2012,609,106606.270997332,"bbs_rtrg_111_7",525.726284528573
2013,615,127413.388066464,"bbs_rtrg_111_7",628.336086430185
2014,583,141413.457670032,"bbs_rtrg_111_7",697.377095997147
2015,552,88854.259987615,"bbs_rtrg_111_7",438.182665342395
2016,529,88275.4752935632,"bbs_rtrg_111_7",435.328402418655
2017,535,93955.879292209,"bbs_rtrg_111_7",463.341179349048
2018,584,97489.5094002904,"bbs_rtrg_111_7",480.767192005156
1990,765,134861.69482126,"bbs_rtrg_111_79",777.545741353325
1991,1186,233147.394958053,"bbs_rtrg_111_79",1344.21241181583
1992,919,163470.823396389,"bbs_rtrg_111_79",942.491807891375
1993,1084,185701.199348609,"bbs_rtrg_111_79",1070.66114591757
1994,1600,253944.616999047,"bbs_rtrg_111_79",1464.11889416714
1995,1169,191087.951070331,"bbs_rtrg_111_79",1101.718488527
1996,1399,203410.919923795,"bbs_rtrg_111_79",1172.76662391889
1999,1591,254423.197359812,"bbs_rtrg_111_79",1466.87815150779
2003,794,152263.579348252,"bbs_rtrg_111_79",877.876389158232
2004,752,144890.714442891,"bbs_rtrg_111_79",835.368101565267
2005,795,130115.47226394,"bbs_rtrg_111_79",750.181372680291
2006,681,123993.053203624,"bbs_rtrg_111_79",714.882536539766
2007,657,125305.964383365,"bbs_rtrg_111_79",722.452132175768
2008,749,122215.003730056,"bbs_rtrg_111_79",704.631183863819
2010,677,123920.327935482,"bbs_rtrg_111_79",714.463238661244
2018,1331,258217.076598133,"bbs_rtrg_111_79",1488.75178025668
1970,432,68423.9633158315,"bbs_rtrg_112_14",216.913863709864
1971,432,83722.164577869,"bbs_rtrg_112_14",265.41137514811
1972,235,59262.1492261213,"bbs_rtrg_112_14",187.869587458028
1973,223,38879.0306794545,"bbs_rtrg_112_14",123.252152510487
1974,188,47151.1724115782,"bbs_rtrg_112_14",149.47603866552
1975,242,56527.3752079214,"bbs_rtrg_112_14",179.199958136456
1976,214,43799.5543062471,"bbs_rtrg_112_14",138.850924338957
1977,257,63597.8139045197,"bbs_rtrg_112_14",201.614271799109
1978,223,71548.0751538692,"bbs_rtrg_112_14",226.817750252106
1979,276,61768.98739948,"bbs_rtrg_112_14",195.816627172297
1980,244,62461.1014856958,"bbs_rtrg_112_14",198.010728964912
1981,192,48465.3246875953,"bbs_rtrg_112_14",153.642091520106
1982,319,79819.8637671659,"bbs_rtrg_112_14",253.040516969366
1983,282,76908.3754807337,"bbs_rtrg_112_14",243.810677849394
1984,287,101308.113157417,"bbs_rtrg_112_14",321.16137658818
1985,201,60995.881368047,"bbs_rtrg_112_14",193.365769194932
1986,246,94679.9378704264,"bbs_rtrg_112_14",300.149101923365
1988,236,90236.8534145457,"bbs_rtrg_112_14",286.063881345513
1989,227,109141.661993656,"bbs_rtrg_112_14",345.994859804947
1991,203,78306.8013820588,"bbs_rtrg_112_14",248.243890289431
1995,227,91360.7496707172,"bbs_rtrg_112_14",289.62679508978
1997,608,180878.611590539,"bbs_rtrg_112_14",573.41136936892
2004,485,161321.515212846,"bbs_rtrg_112_14",511.41254421098
2006,410,142132.771330203,"bbs_rtrg_112_14",450.581449757845
2007,314,150068.699338566,"bbs_rtrg_112_14",475.739489763094
2008,366,145994.349413709,"bbs_rtrg_112_14",462.82321099936
2009,307,108318.49336089,"bbs_rtrg_112_14",343.385296137992
2010,315,134810.267270799,"bbs_rtrg_112_14",427.368052424735
2012,259,104634.973105316,"bbs_rtrg_112_14",331.70800397352
2013,211,81358.6238991909,"bbs_rtrg_112_14",257.918609225139
2014,219,67084.9529477337,"bbs_rtrg_112_14",212.669007106762
2015,266,107254.948826456,"bbs_rtrg_112_14",340.013706083691
2016,198,80826.9233116939,"bbs_rtrg_112_14",256.233041433071
2017,201,74941.9698817513,"bbs_rtrg_112_14",237.576887588997
2018,247,60825.9597861536,"bbs_rtrg_112_14",192.827093195034
1993,594,163842.128847601,"bbs_rtrg_112_4",497.105742453061
1995,458,118692.01600484,"bbs_rtrg_112_4",360.1178961378
2006,438,135063.623177598,"bbs_rtrg_112_4",409.790223981722
2007,506,142606.314453472,"bbs_rtrg_112_4",432.675150912054
2008,708,270033.637940054,"bbs_rtrg_112_4",819.29643504786
2009,726,285406.200810864,"bbs_rtrg_112_4",865.937609287047
2010,567,189836.012700953,"bbs_rtrg_112_4",575.972570069653
2011,476,169174.621479509,"bbs_rtrg_112_4",513.284809018876
2012,441,176476.186300302,"bbs_rtrg_112_4",535.438145446075
2017,795,263511.44812598,"bbs_rtrg_112_4",799.507763887705
2018,747,213204.450232575,"bbs_rtrg_112_4",646.873653758147
1989,638,79847.134772515,"bbs_rtrg_112_45",668.342662814692
1991,716,76949.8227702979,"bbs_rtrg_112_45",644.091357816917
1992,521,66560.7969674975,"bbs_rtrg_112_45",557.132330559695
1993,615,64279.5539134007,"bbs_rtrg_112_45",538.037693517973
1994,641,96365.9371443525,"bbs_rtrg_112_45",806.609619984254
1995,527,60905.7056900157,"bbs_rtrg_112_45",509.79764818668
1996,561,82676.3534592027,"bbs_rtrg_112_45",692.024007876516
1997,548,63881.3947509159,"bbs_rtrg_112_45",534.704990902692
1998,603,65077.6149297395,"bbs_rtrg_112_45",544.717685558616
2000,457,60781.43075426,"bbs_rtrg_112_45",508.75743250805
2001,527,70276.3626857978,"bbs_rtrg_112_45",588.232646095207
2002,457,51822.7652571359,"bbs_rtrg_112_45",433.770917704828
2003,470,53935.301717421,"bbs_rtrg_112_45",451.453433767334
2005,454,65794.7630937187,"bbs_rtrg_112_45",550.720414584674
2006,368,33273.2406797199,"bbs_rtrg_112_45",278.506252474984
2007,529,51537.6974965881,"bbs_rtrg_112_45",431.384821488478
2008,509,54231.7088756979,"bbs_rtrg_112_45",453.934443887541
2009,522,54874.8548303229,"bbs_rtrg_112_45",459.317753897564
2010,410,44019.3992689714,"bbs_rtrg_112_45",368.454580201849
2015,532,62519.0987382398,"bbs_rtrg_112_45",523.302195458024
2016,458,55129.6673331216,"bbs_rtrg_112_45",461.450605215575
2017,488,62076.2658285995,"bbs_rtrg_112_45",519.595561189253
2018,545,68296.5356007028,"bbs_rtrg_112_45",571.660944308602
2008,484,88928.8924956067,"bbs_rtrg_112_7",485.212535615338
2009,556,124785.483746817,"bbs_rtrg_112_7",680.852749625449
2010,545,88290.7436988684,"bbs_rtrg_112_7",481.730677390458
2011,559,116498.522547177,"bbs_rtrg_112_7",635.637551916538
2012,486,75484.9076072293,"bbs_rtrg_112_7",411.859659925515
2013,499,96858.25873674,"bbs_rtrg_112_7",528.476628889332
2015,487,75396.030460544,"bbs_rtrg_112_7",411.37472972464
2016,496,92557.635600948,"bbs_rtrg_112_7",505.011631205405
2017,421,73521.4523380808,"bbs_rtrg_112_7",401.146683715248
2018,416,74722.0105397505,"bbs_rtrg_112_7",407.697151992076
1998,431,56481.971187647,"bbs_rtrg_112_76",479.538812065005
1999,394,50759.3628061659,"bbs_rtrg_112_76",430.95317017847
2000,434,50382.4734377527,"bbs_rtrg_112_76",427.753333554348
2001,392,46188.369099846,"bbs_rtrg_112_76",392.144877093176
2002,355,33953.54060974,"bbs_rtrg_112_76",288.269693621398
2004,314,40244.3510893167,"bbs_rtrg_112_76",341.679440499391
2005,396,43087.2098534731,"bbs_rtrg_112_76",365.815657525229
2006,413,52716.6230083083,"bbs_rtrg_112_76",447.570547591153
2014,302,36924.2777951329,"bbs_rtrg_112_76",313.491614012736
2017,287,28223.0385542215,"bbs_rtrg_112_76",239.61703348123
2018,350,40183.8548871832,"bbs_rtrg_112_76",341.165820377863
1996,531,129551.274228453,"bbs_rtrg_112_79",581.52371638611
1997,683,140858.808670809,"bbs_rtrg_112_79",632.280449511615
1999,379,97941.8347785215,"bbs_rtrg_112_79",439.636739115694
2000,486,119443.5087032,"bbs_rtrg_112_79",536.152450008296
2002,637,139945.951673142,"bbs_rtrg_112_79",628.182859603883
2003,514,120310.252495689,"bbs_rtrg_112_79",540.043049111737
2004,598,136578.263456678,"bbs_rtrg_112_79",613.066137835371
2005,549,137501.091583753,"bbs_rtrg_112_79",617.208485683651
2006,518,168423.088691917,"bbs_rtrg_112_79",756.009703838484
2007,470,103706.80780809,"bbs_rtrg_112_79",465.514281123569
2008,464,90923.7286983301,"bbs_rtrg_112_79",408.134191926942
2009,673,116124.262376292,"bbs_rtrg_112_79",521.253171933882
2010,570,108431.770698342,"bbs_rtrg_112_79",486.723474132975
2012,723,146915.367056574,"bbs_rtrg_112_79",659.466846264371
2014,733,159123.27367668,"bbs_rtrg_112_79",714.265128020361
2015,770,174710.034834952,"bbs_rtrg_112_79",784.230254408829
2016,672,151383.421620477,"bbs_rtrg_112_79",679.522841162842
2017,810,164929.500231558,"bbs_rtrg_112_79",740.32784692823
2018,810,175206.412875767,"bbs_rtrg_112_79",786.458373003157
1998,311,40895.2017306616,"bbs_rtrg_112_93",289.14524627301
1999,288,36148.5936950467,"bbs_rtrg_112_93",255.584850643752
2000,224,27110.5094650538,"bbs_rtrg_112_93",191.68202146274
2001,233,30817.2704272739,"bbs_rtrg_112_93",217.890287125671
2002,177,27434.4060189096,"bbs_rtrg_112_93",193.972098167788
2003,313,35688.9155633359,"bbs_rtrg_112_93",252.334744494987
2004,254,40653.6030369445,"bbs_rtrg_112_93",287.437047979867
2005,265,42985.6528206174,"bbs_rtrg_112_93",303.925562047166
2006,271,30915.1986135919,"bbs_rtrg_112_93",218.582678123922
2007,204,32313.832530482,"bbs_rtrg_112_93",228.471572938732
2008,266,41774.4041779401,"bbs_rtrg_112_93",295.361555213518
2009,155,30022.8457333168,"bbs_rtrg_112_93",212.273390422423
2010,207,31305.0306987667,"bbs_rtrg_112_93",221.338945106424
1992,526,140486.935926261,"bbs_rtrg_113_25",572.921236268423
1993,520,150378.279075369,"bbs_rtrg_113_25",613.259225761742
1994,613,163453.908228897,"bbs_rtrg_113_25",666.583085167136
1995,599,142780.452886318,"bbs_rtrg_113_25",582.274451665249
1996,588,155356.284178352,"bbs_rtrg_113_25",633.560080207372
1997,3748,469929.229232583,"bbs_rtrg_113_25",1916.42328302977
1998,537,147952.623432655,"bbs_rtrg_113_25",603.367134227232
1999,535,134359.959329392,"bbs_rtrg_113_25",547.934749209522
2000,585,146968.178293803,"bbs_rtrg_113_25",599.352458255614
2001,547,161062.331804369,"bbs_rtrg_113_25",656.829972447175
2002,532,129947.953579575,"bbs_rtrg_113_25",529.9421026197
2003,435,105975.907739904,"bbs_rtrg_113_25",432.181452863936
2004,490,138981.359565482,"bbs_rtrg_113_25",566.78132963421
2005,408,101574.483212863,"bbs_rtrg_113_25",414.231957668894
2006,408,114896.440067942,"bbs_rtrg_113_25",468.560368638954
2007,451,112211.601245018,"bbs_rtrg_113_25",457.611299478398
2008,440,129482.880934216,"bbs_rtrg_113_25",528.045485021935
2009,417,137269.097308588,"bbs_rtrg_113_25",559.798535094862
2010,450,136514.733539418,"bbs_rtrg_113_25",556.722156352741
2011,582,235565.045455337,"bbs_rtrg_113_25",960.660264771787
2012,590,166843.927091268,"bbs_rtrg_113_25",680.407956389484
2013,481,128111.102241669,"bbs_rtrg_113_25",522.45122005175
2014,488,119755.434709716,"bbs_rtrg_113_25",488.375885283492
2015,414,101013.716361963,"bbs_rtrg_113_25",411.945088535063
2016,514,150025.704458837,"bbs_rtrg_113_25",611.821387546759
2017,466,155670.241887649,"bbs_rtrg_113_25",634.840434410847
2018,397,133423.900854968,"bbs_rtrg_113_25",544.117399397949
1991,650,173883.840721658,"bbs_rtrg_113_4",646.89467707552
1992,739,188982.320689778,"bbs_rtrg_113_4",703.065085336416
1993,598,154845.256993109,"bbs_rtrg_113_4",576.066022601702
1994,896,245446.121937677,"bbs_rtrg_113_4",913.125619559285
1995,1006,291816.275797557,"bbs_rtrg_113_4",1085.63506944627
1996,794,200634.817418181,"bbs_rtrg_113_4",746.41550868202
1997,851,195120.632578743,"bbs_rtrg_113_4",725.901257293055
1998,649,199533.125330159,"bbs_rtrg_113_4",742.3169176654
1999,910,238636.078531379,"bbs_rtrg_113_4",887.790425605069
2000,720,217045.245102985,"bbs_rtrg_113_4",807.46671547487
2001,695,210827.216868752,"bbs_rtrg_113_4",784.333977263334
2002,686,161192.51856959,"bbs_rtrg_113_4",599.679543621198
2003,669,208381.801512833,"bbs_rtrg_113_4",775.236374113914
2004,897,220991.147120095,"bbs_rtrg_113_4",822.146532762871
2005,768,204333.916156166,"bbs_rtrg_113_4",760.177151360535
2007,849,212372.966253744,"bbs_rtrg_113_4",790.084580913987
2008,678,164525.917585927,"bbs_rtrg_113_4",612.080684930751
2009,762,187442.32234829,"bbs_rtrg_113_4",697.335877115116
2011,637,194833.917934281,"bbs_rtrg_113_4",724.834601664954
2012,773,190582.30900275,"bbs_rtrg_113_4",709.017472394059
2013,662,197794.789777244,"bbs_rtrg_113_4",735.849841647958
2015,604,160644.924716164,"bbs_rtrg_113_4",597.642347136977
2016,787,193797.65589534,"bbs_rtrg_113_4",720.979428037176
2017,576,179621.772934639,"bbs_rtrg_113_4",668.241328901201
2018,534,149903.93076544,"bbs_rtrg_113_4",557.682959396364
1989,900,129838.564741959,"bbs_rtrg_113_45",663.732056453868
1990,1228,198131.070700619,"bbs_rtrg_113_45",1012.84193386521
1991,758,123750.58111239,"bbs_rtrg_113_45",632.61041010679
1992,803,154634.505322898,"bbs_rtrg_113_45",790.488391647521
1994,853,149659.724732452,"bbs_rtrg_113_45",765.057416203009
1995,820,144090.602701344,"bbs_rtrg_113_45",736.588179611431
1996,749,147186.177926179,"bbs_rtrg_113_45",752.41269610983
1997,819,158509.648088982,"bbs_rtrg_113_45",810.298041286649
1998,738,129892.958469422,"bbs_rtrg_113_45",664.010116063191
1999,947,167308.396186986,"bbs_rtrg_113_45",855.27705950758
2000,801,137330.479733373,"bbs_rtrg_113_45",702.030570873767
2001,703,138921.378137777,"bbs_rtrg_113_45",710.163210599592
2002,730,168799.786626082,"bbs_rtrg_113_45",862.901016573678
2004,557,96686.227726457,"bbs_rtrg_113_45",494.257995590041
2005,589,133454.762088478,"bbs_rtrg_113_45",682.217982466056
2006,670,131558.599843508,"bbs_rtrg_113_45",672.524840303515
2007,784,166007.405958718,"bbs_rtrg_113_45",848.626424379635
2008,732,147366.886757745,"bbs_rtrg_113_45",753.336475917724
2009,659,146627.400485613,"bbs_rtrg_113_45",749.556237395394
2010,652,140707.153463207,"bbs_rtrg_113_45",719.292057113475
2011,708,178335.077637733,"bbs_rtrg_113_45",911.645226929261
2013,662,147651.646376313,"bbs_rtrg_113_45",754.792161195846
2014,682,123551.581880263,"bbs_rtrg_113_45",631.593130149681
2015,787,160726.390128838,"bbs_rtrg_113_45",821.629980727492
2016,918,210856.693138683,"bbs_rtrg_113_45",1077.89505246104
2017,788,174600.505199237,"bbs_rtrg_113_45",892.554169896209
2018,655,141563.007760475,"bbs_rtrg_113_45",723.667166572515
1983,1117,223350.336234548,"bbs_rtrg_113_68",985.610134386048
1984,994,219749.427291101,"bbs_rtrg_113_68",969.719885875585
1985,1092,207592.566752318,"bbs_rtrg_113_68",916.07355987785
1986,1100,245282.406407064,"bbs_rtrg_113_68",1082.39293308037
1987,980,207888.876115605,"bbs_rtrg_113_68",917.381126798467
1988,1016,199785.736301443,"bbs_rtrg_113_68",881.623236947796
1989,1027,206079.779256723,"bbs_rtrg_113_68",909.397865039114
1990,859,165425.911189588,"bbs_rtrg_113_68",729.99869759446
1991,1031,200359.490214725,"bbs_rtrg_113_68",884.155123315678
1992,761,155327.474411211,"bbs_rtrg_113_68",685.435874014138
1993,883,167742.357052027,"bbs_rtrg_113_68",740.220811231123
1994,813,164824.147317392,"bbs_rtrg_113_68",727.343207654562
1995,862,162767.41829051,"bbs_rtrg_113_68",718.267183831376
1996,982,190999.465763466,"bbs_rtrg_113_68",842.85079795494
1997,795,160513.884892152,"bbs_rtrg_113_68",708.322693068368
1998,977,191330.921680715,"bbs_rtrg_113_68",844.313461126397
1999,971,210890.217242174,"bbs_rtrg_113_68",930.62557621801
2000,971,205089.187070285,"bbs_rtrg_113_68",905.026536504503
2001,817,148302.463043818,"bbs_rtrg_113_68",654.435596537014
2002,869,181404.381424442,"bbs_rtrg_113_68",800.50919003858
2003,889,194011.592379864,"bbs_rtrg_113_68",856.142842055821
2004,956,207132.084235387,"bbs_rtrg_113_68",914.041522482938
2005,1023,211174.843173107,"bbs_rtrg_113_68",931.881585977234
2006,886,222647.536021423,"bbs_rtrg_113_68",982.508786860977
2007,1104,257072.619999626,"bbs_rtrg_113_68",1134.42130339454
2008,1010,215370.097756009,"bbs_rtrg_113_68",950.39458892564
2009,854,181461.252661198,"bbs_rtrg_113_68",800.760153920018
2010,887,216246.633070548,"bbs_rtrg_113_68",954.26260230642
2011,1031,215126.95731731,"bbs_rtrg_113_68",949.321648161363
2012,920,279264.607055493,"bbs_rtrg_113_68",1232.351074682
2013,886,298777.403211454,"bbs_rtrg_113_68",1318.45799516288
2014,807,235528.641165056,"bbs_rtrg_113_68",1039.35109113369
2015,902,297190.554584806,"bbs_rtrg_113_68",1311.45548012516
2016,825,242576.054540803,"bbs_rtrg_113_68",1070.45022517327
2017,664,266659.896900267,"bbs_rtrg_113_68",1176.72845830527
2018,716,185995.062936532,"bbs_rtrg_113_68",820.767150238392
1979,828,145811.533881845,"bbs_rtrg_113_76",636.289484171587
1980,734,123997.876270497,"bbs_rtrg_113_76",541.099477044529
1990,709,124889.683961021,"bbs_rtrg_113_76",544.991129784727
1991,567,119072.637917567,"bbs_rtrg_113_76",519.606819450328
1992,639,187976.39131889,"bbs_rtrg_113_76",820.287654100491
1993,732,169925.380427235,"bbs_rtrg_113_76",741.51701022033
1994,697,139275.510601615,"bbs_rtrg_113_76",607.767715208641
1996,747,176215.200679866,"bbs_rtrg_113_76",768.964403286793
1997,698,154372.093593592,"bbs_rtrg_113_76",673.645885124214
2000,705,201853.729010326,"bbs_rtrg_113_76",880.845305517245
2002,684,154034.931840911,"bbs_rtrg_113_76",672.174585344393
2004,691,168626.688282601,"bbs_rtrg_113_76",735.849803156474
2005,551,145479.320342767,"bbs_rtrg_113_76",634.839777308305
2006,693,152886.595136741,"bbs_rtrg_113_76",667.163496374272
2007,681,192078.60399127,"bbs_rtrg_113_76",838.188808527589
2008,686,156447.726298812,"bbs_rtrg_113_76",682.703490021259
2009,651,128273.821249418,"bbs_rtrg_113_76",559.758761070636
2010,653,144050.418512057,"bbs_rtrg_113_76",628.604363794782
2012,550,168230.198143362,"bbs_rtrg_113_76",734.119607338221
2016,670,150510.064922559,"bbs_rtrg_113_76",656.792840886036
2017,697,164488.024081267,"bbs_rtrg_113_76",717.789582269147
1987,531,109704.314830081,"bbs_rtrg_113_79",454.6268042438
1989,470,132568.007259991,"bbs_rtrg_113_79",549.376472374198
1990,359,97705.4093424141,"bbs_rtrg_113_79",404.902013885912
1991,671,151901.626049459,"bbs_rtrg_113_79",629.497125224889
1992,527,107293.886231577,"bbs_rtrg_113_79",444.637721751528
1993,655,166620.029621605,"bbs_rtrg_113_79",690.491816180658
1994,544,165898.234047638,"bbs_rtrg_113_79",687.500615555431
1995,456,113529.828785023,"bbs_rtrg_113_79",470.48015683635
1996,516,144642.944519123,"bbs_rtrg_113_79",599.416346795423
1997,400,116751.37952101,"bbs_rtrg_113_79",483.830619104671
1998,535,133685.207230007,"bbs_rtrg_113_79",554.006272513383
1999,514,133693.473444606,"bbs_rtrg_113_79",554.040528620194
2000,403,106924.676867206,"bbs_rtrg_113_79",443.107677343694
2001,392,103578.557591931,"bbs_rtrg_113_79",429.24098928231
2004,431,139238.910888756,"bbs_rtrg_113_79",577.021434223339
2005,285,83819.0047841482,"bbs_rtrg_113_79",347.355218789117
2006,323,93204.0895982167,"bbs_rtrg_113_79",386.248047418379
2007,235,56308.4488000463,"bbs_rtrg_113_79",233.348434558303
2008,285,73086.4415645806,"bbs_rtrg_113_79",302.878290735612
2009,231,71468.6308219644,"bbs_rtrg_113_79",296.173904231525
2010,252,75339.6299944322,"bbs_rtrg_113_79",312.215752592141
2011,566,108738.73715185,"bbs_rtrg_113_79",450.625343637777
2012,740,147867.078109528,"bbs_rtrg_113_79",612.777512697884
2013,697,154433.587109109,"bbs_rtrg_113_79",639.989851666883
2016,1020,192349.360091249,"bbs_rtrg_113_79",797.117005033663
2017,1179,261294.954933089,"bbs_rtrg_113_79",1082.83516933907
2018,964,180318.278986754,"bbs_rtrg_113_79",747.258875363864
1970,1096,222568.578430165,"bbs_rtrg_114_14",1008.57930608273
1971,1012,225000.825110158,"bbs_rtrg_114_14",1019.60113893098
1973,701,146977.549842725,"bbs_rtrg_114_14",666.035234064399
1974,918,224316.271468452,"bbs_rtrg_114_14",1016.4990539835
1975,839,213514.985220804,"bbs_rtrg_114_14",967.552550100113
1976,541,119733.262498354,"bbs_rtrg_114_14",542.57654722588
1977,753,146467.499506243,"bbs_rtrg_114_14",663.723918522626
1981,819,166995.837054734,"bbs_rtrg_114_14",756.748983362068
1982,842,164839.129955409,"bbs_rtrg_114_14",746.975770247248
1983,816,137510.224919821,"bbs_rtrg_114_14",623.133634617833
1984,821,163296.813013742,"bbs_rtrg_114_14",739.986693164767
1985,777,159661.230854889,"bbs_rtrg_114_14",723.511892647799
1986,699,138623.168779282,"bbs_rtrg_114_14",628.176988686054
1987,650,156775.505363285,"bbs_rtrg_114_14",710.435100611854
1988,530,117273.223857933,"bbs_rtrg_114_14",531.428773886116
1989,584,140949.492784891,"bbs_rtrg_114_14",638.718828274778
1990,594,131143.446489256,"bbs_rtrg_114_14",594.282298024082
1991,434,113183.896793564,"bbs_rtrg_114_14",512.89780836521
1992,597,130658.08194348,"bbs_rtrg_114_14",592.082847229056
1994,584,130966.578924973,"bbs_rtrg_114_14",593.480814874431
1995,817,184173.653486887,"bbs_rtrg_114_14",834.591014341268
1996,558,132550.971687816,"bbs_rtrg_114_14",600.660560391888
2000,1726,307072.703456777,"bbs_rtrg_114_14",1391.51346678777
2012,1069,275354.149127324,"bbs_rtrg_114_14",1247.77944224043
2013,1508,336177.968360446,"bbs_rtrg_114_14",1523.4052553185
2014,852,278629.552782134,"bbs_rtrg_114_14",1262.62207801862
1990,558,143210.258929804,"bbs_rtrg_114_4",848.133049662544
1991,370,131896.965668215,"bbs_rtrg_114_4",781.132417254068
1992,695,161922.479020469,"bbs_rtrg_114_4",958.952291314998
1993,447,104623.383329921,"bbs_rtrg_114_4",619.610283737517
1994,896,167973.654891129,"bbs_rtrg_114_4",994.789125097573
1995,2162,368063.374605561,"bbs_rtrg_114_4",2179.77898166019
1996,1802,286560.73820227,"bbs_rtrg_114_4",1697.0965252159
1997,1399,229615.597628931,"bbs_rtrg_114_4",1359.8507433924
1998,3228,499480.333181391,"bbs_rtrg_114_4",2958.06865648668
1999,4140,571469.97943601,"bbs_rtrg_114_4",3384.41240223736
2000,3272,515172.958969109,"bbs_rtrg_114_4",3051.00497729227
2001,2662,393089.041049265,"bbs_rtrg_114_4",2327.98829961932
2002,3279,493349.290328517,"bbs_rtrg_114_4",2921.75882707028
2003,5184,778844.162676434,"bbs_rtrg_114_4",4612.54298287677
2004,4488,759783.642742811,"bbs_rtrg_114_4",4499.66100765891
2005,3240,548722.459721943,"bbs_rtrg_114_4",3249.69493568487
2006,3905,594995.758446575,"bbs_rtrg_114_4",3523.73894802413
2007,3848,677991.928819041,"bbs_rtrg_114_4",4015.26654956847
2008,2188,362082.353340329,"bbs_rtrg_114_4",2144.35762397475
2009,2195,380496.651213436,"bbs_rtrg_114_4",2253.41248309743
2010,4404,593692.642024754,"bbs_rtrg_114_4",3516.02151134631
2011,2561,508556.697419163,"bbs_rtrg_114_4",3011.82154080067
2013,3696,560296.367785202,"bbs_rtrg_114_4",3318.2390051919
2015,3148,554182.175794794,"bbs_rtrg_114_4",3282.02897151277
2017,2144,660981.260340038,"bbs_rtrg_114_4",3914.52439435062
2018,1087,265794.614561962,"bbs_rtrg_114_4",1574.11346587128
